Q,Intensity
1.000000000000000000e+00,1.996124036016958390e-05
2.000000000000000000e+00,8.944810757324177564e-06
3.000000000000000000e+00,6.287585130760296567e-06
4.000000000000000000e+00,5.220331167275354210e-06
5.000000000000000000e+00,2.542478820966235941e-06
6.000000000000000000e+00,2.133770234136692089e-06
7.000000000000000000e+00,1.871537501548212405e-06
8.000000000000000000e+00,1.661807554462499892e-06
9.000000000000000000e+00,1.794717344114779919e-06
1.000000000000000000e+01,1.886928181366550479e-06
1.100000000000000000e+01,1.751287120303601532e-06
1.200000000000000000e+01,1.615663648383889627e-06
1.300000000000000000e+01,1.280009317711818374e-06
1.400000000000000000e+01,1.003775280848891056e-06
1.500000000000000000e+01,8.200247154473797849e-07
1.600000000000000000e+01,6.859599722515616257e-07
1.700000000000000000e+01,5.065304180099748231e-07
1.800000000000000000e+01,5.187904601704374581e-07
1.900000000000000000e+01,5.318209615591555112e-07
2.000000000000000000e+01,5.404865369896841204e-07
2.100000000000000000e+01,5.343644983554969615e-07
2.200000000000000000e+01,5.411588017797020350e-07
2.300000000000000000e+01,5.195902197595006249e-07
2.400000000000000000e+01,4.841154361133240459e-07
2.500000000000000000e+01,4.239854284674256147e-07
2.600000000000000000e+01,3.833694826894258425e-07
2.700000000000000000e+01,3.594065248971940306e-07
2.800000000000000000e+01,3.244427236798898316e-07
2.900000000000000000e+01,2.893293383752389753e-07
3.000000000000000000e+01,2.633614457057687077e-07
3.100000000000000000e+01,2.590118332324099786e-07
3.200000000000000000e+01,2.574909770841977834e-07
3.300000000000000000e+01,2.693147870028074590e-07
3.400000000000000000e+01,2.683677495943998658e-07
3.500000000000000000e+01,2.779349005507486985e-07
3.600000000000000000e+01,2.526909084256689761e-07
3.700000000000000000e+01,2.302949885230775150e-07
3.800000000000000000e+01,1.982029769354294747e-07
3.900000000000000000e+01,1.695240136871919512e-07
4.000000000000000000e+01,1.483629891065001023e-07
4.100000000000000000e+01,1.299890063912610971e-07
4.200000000000000000e+01,1.168435093556839738e-07
4.300000000000000000e+01,1.071725658529856829e-07
4.400000000000000000e+01,1.008696728419034520e-07
4.500000000000000000e+01,9.608441658229757961e-08
4.600000000000000000e+01,9.006256207743339941e-08
4.700000000000000000e+01,8.520450594560004581e-08
4.800000000000000000e+01,7.657244478061104712e-08
4.900000000000000000e+01,6.944118131066747946e-08
5.000000000000000000e+01,5.767741545776874978e-08
5.100000000000000000e+01,5.014007080137056587e-08
5.200000000000000000e+01,4.073508173120705129e-08
5.300000000000000000e+01,3.366911432775758431e-08
5.400000000000000000e+01,2.815787046769561244e-08
5.500000000000000000e+01,2.486753573001108270e-08
5.600000000000000000e+01,2.468559592827599668e-08
5.700000000000000000e+01,2.405499300477554570e-08
5.800000000000000000e+01,2.536128715561212528e-08
5.900000000000000000e+01,2.526853653736724788e-08
6.000000000000000000e+01,2.403398388792855149e-08
6.100000000000000000e+01,2.218031115243810808e-08
6.200000000000000000e+01,1.852446275476552854e-08
6.300000000000000000e+01,1.503502804205182512e-08
6.400000000000000000e+01,1.217545046839887777e-08
6.500000000000000000e+01,9.543670612187348451e-09
6.600000000000000000e+01,8.627723166339778231e-09
6.700000000000000000e+01,8.524239413697198706e-09
6.800000000000000000e+01,8.228331270393426466e-09
6.900000000000000000e+01,8.423374599739466911e-09
7.000000000000000000e+01,7.756526833444906609e-09
7.100000000000000000e+01,6.741832527863625715e-09
7.200000000000000000e+01,5.744213866033975880e-09
7.300000000000000000e+01,5.022012708432463774e-09
7.400000000000000000e+01,4.291578396334702412e-09
7.500000000000000000e+01,3.506493799439695075e-09
7.600000000000000000e+01,3.547904865821972870e-09
7.700000000000000000e+01,2.842945261805556160e-09
7.800000000000000000e+01,2.656515373245785686e-09
7.900000000000000000e+01,2.996348397323875715e-09
8.000000000000000000e+01,3.160318122702433391e-09
8.100000000000000000e+01,3.248874304490251413e-09
8.200000000000000000e+01,3.854134944019657190e-09
8.300000000000000000e+01,4.045768705346743463e-09
8.400000000000000000e+01,4.163639883670550885e-09
8.500000000000000000e+01,4.629504173605237287e-09
8.600000000000000000e+01,4.652385935833819653e-09
8.700000000000000000e+01,4.827325770792243908e-09
8.800000000000000000e+01,5.251689520109198201e-09
8.900000000000000000e+01,4.949713598726560588e-09
9.000000000000000000e+01,5.347712835644548074e-09
9.100000000000000000e+01,5.477367798687268297e-09
9.200000000000000000e+01,5.400294894618192620e-09
9.300000000000000000e+01,5.225789806205289693e-09
9.400000000000000000e+01,5.190576922894748755e-09
9.500000000000000000e+01,5.034453419950432914e-09
9.600000000000000000e+01,4.879004747957854921e-09
9.700000000000000000e+01,4.821020342953707936e-09
9.800000000000000000e+01,5.120792041542669554e-09
9.900000000000000000e+01,5.295042158867547197e-09
1.000000000000000000e+02,5.864532349512083935e-09
1.010000000000000000e+02,5.529911020232089487e-09
1.020000000000000000e+02,5.890765595203615718e-09
1.030000000000000000e+02,5.888150577958837415e-09
1.040000000000000000e+02,5.594131562481885859e-09
1.050000000000000000e+02,5.819810390287018713e-09
1.060000000000000000e+02,5.416037404073009049e-09
1.070000000000000000e+02,5.752858176889551175e-09
1.080000000000000000e+02,5.740623041767559931e-09
1.090000000000000000e+02,5.879601384970418481e-09
1.100000000000000000e+02,5.914975045627895362e-09
1.110000000000000000e+02,5.577582195043957663e-09
1.120000000000000000e+02,5.835869304686557005e-09
1.130000000000000000e+02,5.723354518493148615e-09
1.140000000000000000e+02,5.401774491574514716e-09
1.150000000000000000e+02,5.568510022802621838e-09
1.160000000000000000e+02,5.451724995276485004e-09
1.170000000000000000e+02,5.511419258334500779e-09
1.180000000000000000e+02,5.280607343140072076e-09
1.190000000000000000e+02,5.137278916403837264e-09
1.200000000000000000e+02,4.915142980960654564e-09
1.210000000000000000e+02,4.516485825022117461e-09
1.220000000000000000e+02,4.102944623325982198e-09
1.230000000000000000e+02,3.443155797329463351e-09
1.240000000000000000e+02,3.539584242137223937e-09
1.250000000000000000e+02,3.398048087183135931e-09
1.260000000000000000e+02,3.557679043720387417e-09
1.270000000000000000e+02,3.637769955155863831e-09
1.280000000000000000e+02,3.543747530213552235e-09
1.290000000000000000e+02,3.561176798333956621e-09
1.300000000000000000e+02,3.141462754769935425e-09
1.310000000000000000e+02,2.718419120641948420e-09
1.320000000000000000e+02,2.180763994219650152e-09
1.330000000000000000e+02,1.822404353620386915e-09
1.340000000000000000e+02,1.656600242295399401e-09
1.350000000000000000e+02,1.576932289952469911e-09
1.360000000000000000e+02,1.692000360761012057e-09
1.370000000000000000e+02,1.982598187485109715e-09
1.380000000000000000e+02,2.092911411273060987e-09
1.390000000000000000e+02,2.084202506157745758e-09
1.400000000000000000e+02,1.920809615502073971e-09
1.410000000000000000e+02,1.634294292316804302e-09
1.420000000000000000e+02,1.411074019692251886e-09
1.430000000000000000e+02,1.175728476128288585e-09
1.440000000000000000e+02,1.002117839580203712e-09
1.450000000000000000e+02,9.765183843390915794e-10
1.460000000000000000e+02,1.058141057985982294e-09
1.470000000000000000e+02,1.073274299277273359e-09
1.480000000000000000e+02,1.118265131253086733e-09
1.490000000000000000e+02,1.121652705994254866e-09
1.500000000000000000e+02,1.018635774348880446e-09
1.510000000000000000e+02,9.204339350458965796e-10
1.520000000000000000e+02,8.090016120535606923e-10
1.530000000000000000e+02,6.670900862831371300e-10
1.540000000000000000e+02,6.133842459607828900e-10
1.550000000000000000e+02,6.308207583174874131e-10
1.560000000000000000e+02,6.061947555898927266e-10
1.570000000000000000e+02,6.618223489102471563e-10
1.580000000000000000e+02,7.382804237303542629e-10
1.590000000000000000e+02,6.982994358745777759e-10
1.600000000000000000e+02,7.207611077238117289e-10
1.610000000000000000e+02,7.025806600264947098e-10
1.620000000000000000e+02,6.732221299341681633e-10
1.630000000000000000e+02,6.943350942259831859e-10
1.640000000000000000e+02,6.655920504696714003e-10
1.650000000000000000e+02,6.893037619603659260e-10
1.660000000000000000e+02,7.114242861632132973e-10
1.670000000000000000e+02,7.550602113964210615e-10
1.680000000000000000e+02,8.114042486333207359e-10
1.690000000000000000e+02,8.115740230479017944e-10
1.700000000000000000e+02,8.383798904465847626e-10
1.710000000000000000e+02,8.781402125863002648e-10
1.720000000000000000e+02,9.239076070963462109e-10
1.730000000000000000e+02,9.111194162621952407e-10
1.740000000000000000e+02,9.594487679805584048e-10
1.750000000000000000e+02,1.014502659205052364e-09
1.760000000000000000e+02,1.001256806159634478e-09
1.770000000000000000e+02,1.082588884904777840e-09
1.780000000000000000e+02,1.046053989597120971e-09
1.790000000000000000e+02,1.054170231696326870e-09
1.800000000000000000e+02,1.139816239788446801e-09
1.810000000000000000e+02,1.089325565550570996e-09
1.820000000000000000e+02,1.065133726847134809e-09
1.830000000000000000e+02,1.093907592015138134e-09
1.840000000000000000e+02,1.118593549876405626e-09
1.850000000000000000e+02,1.122559394428849564e-09
1.860000000000000000e+02,1.132427452083513695e-09
1.870000000000000000e+02,1.106617698005797143e-09
1.880000000000000000e+02,1.131970470828210861e-09
1.890000000000000000e+02,1.120646817987985267e-09
1.900000000000000000e+02,1.009816384266299543e-09
1.910000000000000000e+02,9.660938117911904798e-10
1.920000000000000000e+02,9.492491964673725359e-10
1.930000000000000000e+02,8.925528864519922260e-10
1.940000000000000000e+02,9.308838144101654548e-10
1.950000000000000000e+02,8.998252061197140965e-10
1.960000000000000000e+02,9.220165932588139862e-10
1.970000000000000000e+02,9.105690447447966611e-10
1.980000000000000000e+02,9.048919863405560083e-10
1.990000000000000000e+02,8.672197197356653604e-10
2.000000000000000000e+02,7.685650529453563154e-10
2.010000000000000000e+02,7.620407059708235496e-10
2.020000000000000000e+02,6.820928258103782374e-10
2.030000000000000000e+02,6.544821366964182891e-10
2.040000000000000000e+02,6.570072999263731255e-10
2.050000000000000000e+02,6.269155063224026608e-10
2.060000000000000000e+02,6.744611128798312131e-10
2.070000000000000000e+02,6.249637512498825582e-10
2.080000000000000000e+02,6.397220812837258918e-10
2.090000000000000000e+02,5.939619987891594752e-10
2.100000000000000000e+02,5.103923667464405116e-10
2.110000000000000000e+02,4.826178768622047046e-10
2.120000000000000000e+02,3.991901160104158413e-10
2.130000000000000000e+02,4.098517359527129334e-10
2.140000000000000000e+02,4.052950473601521406e-10
2.150000000000000000e+02,3.942964691893328230e-10
2.160000000000000000e+02,4.356838134431892961e-10
2.170000000000000000e+02,4.272164607550685038e-10
2.180000000000000000e+02,4.510760963964608205e-10
2.190000000000000000e+02,4.310340393982774051e-10
2.200000000000000000e+02,3.853887593839258655e-10
2.210000000000000000e+02,3.600961265571094792e-10
2.220000000000000000e+02,3.183425604573744630e-10
2.230000000000000000e+02,3.202873756422075469e-10
2.240000000000000000e+02,3.166319377506010035e-10
2.250000000000000000e+02,3.405470256435964684e-10
2.260000000000000000e+02,3.732860266585178437e-10
2.270000000000000000e+02,3.753976993707600965e-10
2.280000000000000000e+02,3.908723442667785939e-10
2.290000000000000000e+02,3.521832528716398214e-10
2.300000000000000000e+02,3.287701407604891200e-10
2.310000000000000000e+02,3.003137861345514435e-10
2.320000000000000000e+02,2.726577601163199129e-10
2.330000000000000000e+02,2.699551496878628490e-10
2.340000000000000000e+02,2.754842939081083236e-10
2.350000000000000000e+02,2.928722381943111416e-10
2.360000000000000000e+02,3.137018295465979008e-10
2.370000000000000000e+02,3.104288662777004927e-10
2.380000000000000000e+02,3.180033275118159895e-10
2.390000000000000000e+02,3.031117898997648513e-10
2.400000000000000000e+02,3.067494512690805352e-10
2.410000000000000000e+02,2.867414420296816981e-10
2.420000000000000000e+02,2.858767307150653393e-10
2.430000000000000000e+02,2.957072279653426138e-10
2.440000000000000000e+02,2.991812036315671811e-10
2.450000000000000000e+02,3.131633037205788303e-10
2.460000000000000000e+02,2.996457602535290246e-10
2.470000000000000000e+02,3.238804590606879253e-10
2.480000000000000000e+02,3.348868496252491812e-10
2.490000000000000000e+02,3.427946001841698302e-10
2.500000000000000000e+02,3.680024070192142383e-10
2.510000000000000000e+02,3.790423213621614432e-10
2.520000000000000000e+02,4.115955498015139624e-10
2.530000000000000000e+02,4.176472718094234569e-10
2.540000000000000000e+02,4.134696167712671899e-10
2.550000000000000000e+02,4.077146546839590377e-10
2.560000000000000000e+02,3.985898202233288809e-10
2.570000000000000000e+02,3.779198047344258927e-10
2.580000000000000000e+02,3.609173634403386799e-10
2.590000000000000000e+02,3.761619618058489277e-10
2.600000000000000000e+02,3.743467135210111481e-10
2.610000000000000000e+02,3.930478331739222576e-10
2.620000000000000000e+02,3.998137968533630834e-10
2.630000000000000000e+02,3.871552642291657264e-10
2.640000000000000000e+02,3.975898276693305157e-10
2.650000000000000000e+02,3.618885307050630032e-10
2.660000000000000000e+02,3.630724024513545102e-10
2.670000000000000000e+02,3.592432584415778058e-10
2.680000000000000000e+02,3.319344173439273990e-10
2.690000000000000000e+02,3.383195248534088403e-10
2.700000000000000000e+02,3.222481145220508313e-10
2.710000000000000000e+02,3.083305513066452345e-10
2.720000000000000000e+02,3.006254162652241576e-10
2.730000000000000000e+02,2.845433968532896925e-10
2.740000000000000000e+02,2.952103514093061407e-10
2.750000000000000000e+02,2.756176204138459793e-10
2.760000000000000000e+02,2.812117085213754891e-10
2.770000000000000000e+02,2.764550969654230761e-10
2.780000000000000000e+02,2.625189786559533016e-10
2.790000000000000000e+02,2.653362409701463599e-10
2.800000000000000000e+02,2.369996399200038877e-10
2.810000000000000000e+02,2.346299541741803079e-10
2.820000000000000000e+02,2.201798291205786420e-10
2.830000000000000000e+02,2.030828578205884738e-10
2.840000000000000000e+02,2.067149437260324436e-10
2.850000000000000000e+02,2.046184681279579207e-10
2.860000000000000000e+02,1.970707778062914073e-10
2.870000000000000000e+02,2.077436910860146243e-10
2.880000000000000000e+02,1.904543273924553721e-10
2.890000000000000000e+02,1.972835484705663993e-10
2.900000000000000000e+02,1.889443603511899775e-10
2.910000000000000000e+02,1.754430567876012064e-10
2.920000000000000000e+02,1.719553592818775969e-10
2.930000000000000000e+02,1.706653685989744631e-10
2.940000000000000000e+02,1.756785887177181415e-10
2.950000000000000000e+02,1.821995579080497162e-10
2.960000000000000000e+02,1.794708966971241958e-10
2.970000000000000000e+02,1.864881262237958451e-10
2.980000000000000000e+02,1.754257313118867759e-10
2.990000000000000000e+02,1.663727422208331926e-10
3.000000000000000000e+02,1.572224988482643690e-10
3.010000000000000000e+02,1.364030443549671001e-10
3.020000000000000000e+02,1.423036386788418049e-10
3.030000000000000000e+02,1.403523061033987772e-10
3.040000000000000000e+02,1.435432685990480275e-10
3.050000000000000000e+02,1.532890463716587115e-10
3.060000000000000000e+02,1.534695956201566598e-10
3.070000000000000000e+02,1.534631512940721127e-10
3.080000000000000000e+02,1.498576049220750824e-10
3.090000000000000000e+02,1.408427455200341852e-10
3.100000000000000000e+02,1.404155171669736010e-10
3.110000000000000000e+02,1.321543700759434323e-10
3.120000000000000000e+02,1.374887800165184884e-10
3.130000000000000000e+02,1.357870394365302287e-10
3.140000000000000000e+02,1.438496075312913209e-10
3.150000000000000000e+02,1.526187490850415409e-10
3.160000000000000000e+02,1.588466818152617312e-10
3.170000000000000000e+02,1.676353634434012437e-10
3.180000000000000000e+02,1.766310311556589727e-10
3.190000000000000000e+02,1.845104476365423364e-10
3.200000000000000000e+02,1.897531902476724387e-10
3.210000000000000000e+02,1.917381952979730233e-10
3.220000000000000000e+02,1.872603404048937661e-10
3.230000000000000000e+02,1.813658797343173577e-10
3.240000000000000000e+02,1.813783065828062461e-10
3.250000000000000000e+02,1.765536049722727836e-10
3.260000000000000000e+02,1.781080141481013605e-10
3.270000000000000000e+02,1.864967929613475875e-10
3.280000000000000000e+02,1.928107501551885803e-10
3.290000000000000000e+02,2.023343690228148523e-10
3.300000000000000000e+02,2.044307387680252933e-10
3.310000000000000000e+02,2.032134858166750607e-10
3.320000000000000000e+02,1.951072407845043955e-10
3.330000000000000000e+02,1.822303458678447461e-10
3.340000000000000000e+02,1.817970962679796470e-10
3.350000000000000000e+02,1.717463187945507758e-10
3.360000000000000000e+02,1.693503683672548742e-10
3.370000000000000000e+02,1.686317232532500909e-10
3.380000000000000000e+02,1.588619885945607435e-10
3.390000000000000000e+02,1.612559429935899041e-10
3.400000000000000000e+02,1.578988285865850898e-10
3.410000000000000000e+02,1.604541275496586576e-10
3.420000000000000000e+02,1.621080546995898359e-10
3.430000000000000000e+02,1.546986411805051596e-10
3.440000000000000000e+02,1.556022937009504308e-10
3.450000000000000000e+02,1.483042155059064328e-10
3.460000000000000000e+02,1.433761619740440235e-10
3.470000000000000000e+02,1.353471573585336139e-10
3.480000000000000000e+02,1.294669779952379149e-10
3.490000000000000000e+02,1.231416623307376898e-10
3.500000000000000000e+02,1.223171698133944955e-10
3.510000000000000000e+02,1.177781997363090128e-10
3.520000000000000000e+02,1.196088105577621088e-10
3.530000000000000000e+02,1.227693916248882659e-10
3.540000000000000000e+02,1.153723452988631224e-10
3.550000000000000000e+02,1.123417620675792659e-10
3.560000000000000000e+02,1.077236727731026758e-10
3.570000000000000000e+02,9.761534057859949328e-11
3.580000000000000000e+02,9.723227490952033312e-11
3.590000000000000000e+02,8.738125997808767861e-11
3.600000000000000000e+02,8.717246832135960103e-11
3.610000000000000000e+02,8.383443559681809251e-11
3.620000000000000000e+02,7.895375336125377245e-11
3.630000000000000000e+02,7.854006428134269180e-11
3.640000000000000000e+02,6.957650020591345882e-11
3.650000000000000000e+02,7.330537323265198019e-11
3.660000000000000000e+02,6.984120672156668262e-11
3.670000000000000000e+02,6.886351897265389122e-11
3.680000000000000000e+02,7.288680784966527344e-11
3.690000000000000000e+02,6.695804925565696926e-11
3.700000000000000000e+02,7.389864032456100057e-11
3.710000000000000000e+02,7.021573344348978657e-11
3.720000000000000000e+02,7.113782719394936649e-11
3.730000000000000000e+02,7.316230490553633779e-11
3.740000000000000000e+02,6.546984989444687978e-11
3.750000000000000000e+02,6.853392797864479508e-11
3.760000000000000000e+02,6.886509287419160119e-11
3.770000000000000000e+02,6.960969164931068771e-11
3.780000000000000000e+02,8.010087245546682815e-11
3.790000000000000000e+02,8.032279307855967266e-11
3.800000000000000000e+02,8.564658426396169761e-11
3.810000000000000000e+02,8.658007668234734099e-11
3.820000000000000000e+02,8.651923761345684707e-11
3.830000000000000000e+02,8.477600593626592614e-11
3.840000000000000000e+02,8.034877699054341026e-11
3.850000000000000000e+02,7.949602251215231535e-11
3.860000000000000000e+02,7.822634072521084471e-11
3.870000000000000000e+02,8.226815149207174509e-11
3.880000000000000000e+02,8.609013661938424559e-11
3.890000000000000000e+02,8.900248091189698690e-11
3.900000000000000000e+02,9.239051062038106571e-11
3.910000000000000000e+02,9.152062501487365405e-11
3.920000000000000000e+02,9.397860312488935371e-11
3.930000000000000000e+02,9.321929095767186275e-11
3.940000000000000000e+02,9.146644941765805147e-11
3.950000000000000000e+02,9.814882924581024568e-11
3.960000000000000000e+02,1.017359205250047487e-10
3.970000000000000000e+02,1.127309223577470947e-10
3.980000000000000000e+02,1.143171160123278620e-10
3.990000000000000000e+02,1.191455162511536117e-10
4.000000000000000000e+02,1.208371817449485078e-10
4.010000000000000000e+02,1.157606228188998947e-10
4.020000000000000000e+02,1.114556906489434456e-10
4.030000000000000000e+02,1.087124196824805501e-10
4.040000000000000000e+02,1.090929469605010367e-10
4.050000000000000000e+02,1.095278170954748750e-10
4.060000000000000000e+02,1.098697414908984158e-10
4.070000000000000000e+02,1.139969407737883771e-10
4.080000000000000000e+02,1.111745684660001106e-10
4.090000000000000000e+02,1.114202694920902456e-10
4.100000000000000000e+02,1.064906082301463593e-10
4.110000000000000000e+02,9.992606966456070072e-11
4.120000000000000000e+02,9.703831776997926327e-11
4.130000000000000000e+02,9.051790860146031221e-11
4.140000000000000000e+02,8.477529898822197952e-11
4.150000000000000000e+02,7.887579088285999054e-11
4.160000000000000000e+02,7.775396294149684634e-11
4.170000000000000000e+02,7.508103213452340272e-11
4.180000000000000000e+02,7.557114382915956255e-11
4.190000000000000000e+02,7.595481766560817511e-11
4.200000000000000000e+02,7.885418474822612235e-11
4.210000000000000000e+02,8.120933413993732365e-11
4.220000000000000000e+02,7.987781376752889366e-11
4.230000000000000000e+02,7.775795074029219491e-11
4.240000000000000000e+02,7.128272515544003363e-11
4.250000000000000000e+02,6.364374973677615512e-11
4.260000000000000000e+02,5.774286079455309589e-11
4.270000000000000000e+02,5.276335593799667948e-11
4.280000000000000000e+02,5.451566711329139580e-11
4.290000000000000000e+02,5.885223430294276894e-11
4.300000000000000000e+02,6.454344531089824605e-11
4.310000000000000000e+02,6.961122832961904427e-11
4.320000000000000000e+02,6.480534977856687570e-11
4.330000000000000000e+02,6.114390941828799054e-11
4.340000000000000000e+02,5.100775828322598096e-11
4.350000000000000000e+02,4.403715116851207177e-11
4.360000000000000000e+02,3.721930045567913472e-11
4.370000000000000000e+02,3.235206398948522828e-11
4.380000000000000000e+02,3.362065713015829164e-11
4.390000000000000000e+02,3.534195546112519835e-11
4.400000000000000000e+02,3.943515527730595726e-11
4.410000000000000000e+02,4.260922233652193910e-11
4.420000000000000000e+02,4.068085546493784444e-11
4.430000000000000000e+02,4.011258793673328360e-11
4.440000000000000000e+02,3.580008938864256627e-11
4.450000000000000000e+02,3.337244080080584555e-11
4.460000000000000000e+02,3.291656618937654160e-11
4.470000000000000000e+02,3.335378907211759592e-11
4.480000000000000000e+02,3.655785539310474243e-11
4.490000000000000000e+02,3.960722988391635812e-11
4.500000000000000000e+02,4.349411587230956447e-11
4.510000000000000000e+02,4.707727161702788360e-11
4.520000000000000000e+02,4.557834674634419420e-11
4.530000000000000000e+02,4.328726671337541569e-11
4.540000000000000000e+02,4.266569293213864684e-11
4.550000000000000000e+02,4.294119018090933509e-11
4.560000000000000000e+02,4.416065411823125335e-11
4.570000000000000000e+02,4.771826709309969400e-11
4.580000000000000000e+02,5.153316241688864217e-11
4.590000000000000000e+02,5.669775380873795248e-11
4.600000000000000000e+02,6.067965500573095800e-11
4.610000000000000000e+02,6.098119443135657879e-11
4.620000000000000000e+02,5.945847310569009280e-11
4.630000000000000000e+02,5.756164010584829571e-11
4.640000000000000000e+02,5.734963541438500422e-11
4.650000000000000000e+02,5.552455008467501763e-11
4.660000000000000000e+02,5.663060165558048271e-11
4.670000000000000000e+02,6.037422662869710332e-11
4.680000000000000000e+02,6.291302603458413169e-11
4.690000000000000000e+02,6.754809420567069186e-11
4.700000000000000000e+02,6.712580730080518113e-11
4.710000000000000000e+02,6.902826563722704390e-11
4.720000000000000000e+02,6.869132231074136827e-11
4.730000000000000000e+02,6.692896745853773687e-11
4.740000000000000000e+02,6.569115332256746290e-11
4.750000000000000000e+02,6.428001098717167899e-11
4.760000000000000000e+02,6.550287975130933960e-11
4.770000000000000000e+02,6.644036529563162654e-11
4.780000000000000000e+02,6.504564045994163151e-11
4.790000000000000000e+02,6.686713494210697765e-11
4.800000000000000000e+02,6.408997814812368018e-11
4.810000000000000000e+02,6.272632216329419889e-11
4.820000000000000000e+02,5.910372178569215793e-11
4.830000000000000000e+02,5.624930061169353222e-11
4.840000000000000000e+02,5.543515001607015124e-11
4.850000000000000000e+02,5.247492817964765624e-11
4.860000000000000000e+02,5.386698659028222009e-11
4.870000000000000000e+02,5.147459349507174504e-11
4.880000000000000000e+02,5.225658003729808340e-11
4.890000000000000000e+02,5.260529636147481781e-11
4.900000000000000000e+02,5.048262700762108077e-11
4.910000000000000000e+02,4.885227255430233405e-11
4.920000000000000000e+02,4.522473392072585270e-11
4.930000000000000000e+02,4.284432351141032541e-11
4.940000000000000000e+02,4.052456521092908963e-11
4.950000000000000000e+02,3.628008781850908577e-11
4.960000000000000000e+02,3.568579654782644087e-11
4.970000000000000000e+02,3.423694953361003128e-11
4.980000000000000000e+02,3.568806166299421805e-11
4.990000000000000000e+02,3.671522546366861543e-11
5.000000000000000000e+02,3.707242912040950312e-11
5.010000000000000000e+02,3.710966541020951135e-11
5.020000000000000000e+02,3.471200600630350739e-11
5.030000000000000000e+02,3.228512298082511469e-11
5.040000000000000000e+02,2.792745218816514587e-11
5.050000000000000000e+02,2.526024214781609883e-11
5.060000000000000000e+02,2.347948447990999850e-11
5.070000000000000000e+02,2.205993494667780246e-11
5.080000000000000000e+02,2.285464295199072377e-11
5.090000000000000000e+02,2.455460723630308191e-11
5.100000000000000000e+02,2.635743780270160173e-11
5.110000000000000000e+02,2.803497609074444584e-11
5.120000000000000000e+02,2.839180251398040418e-11
5.130000000000000000e+02,2.838772056865269264e-11
5.140000000000000000e+02,2.637932564686879862e-11
5.150000000000000000e+02,2.420597011151485795e-11
5.160000000000000000e+02,2.261642446166647864e-11
5.170000000000000000e+02,2.260553174705379986e-11
5.180000000000000000e+02,2.460609100713294159e-11
5.190000000000000000e+02,2.551588672417535179e-11
5.200000000000000000e+02,2.784400529658048011e-11
5.210000000000000000e+02,2.941721238316189226e-11
5.220000000000000000e+02,3.123704896131977712e-11
5.230000000000000000e+02,3.221676368483032410e-11
5.240000000000000000e+02,3.241284424986207397e-11
5.250000000000000000e+02,3.272388572043288802e-11
5.260000000000000000e+02,3.368099318293501686e-11
5.270000000000000000e+02,3.477336077764638223e-11
5.280000000000000000e+02,3.666422880394773652e-11
5.290000000000000000e+02,3.672924813233567371e-11
5.300000000000000000e+02,3.788258897419752036e-11
5.310000000000000000e+02,3.744404575914406136e-11
5.320000000000000000e+02,3.801994754993232505e-11
5.330000000000000000e+02,3.709654190812851370e-11
5.340000000000000000e+02,3.716929124916511845e-11
5.350000000000000000e+02,3.802550318279272285e-11
5.360000000000000000e+02,3.909025243955825958e-11
5.370000000000000000e+02,4.339771548128917739e-11
5.380000000000000000e+02,4.264637615001048161e-11
5.390000000000000000e+02,4.476718192899385922e-11
5.400000000000000000e+02,4.454746617213053552e-11
5.410000000000000000e+02,4.378732700490127744e-11
5.420000000000000000e+02,4.219327253332376326e-11
5.430000000000000000e+02,4.056036321123444687e-11
5.440000000000000000e+02,4.086308042459042144e-11
5.450000000000000000e+02,4.131705949906487692e-11
5.460000000000000000e+02,4.222603089395938966e-11
5.470000000000000000e+02,4.474913831734019115e-11
5.480000000000000000e+02,4.431190581613784295e-11
5.490000000000000000e+02,4.490955001423365407e-11
5.500000000000000000e+02,4.322954477349269792e-11
5.510000000000000000e+02,4.176312139800498765e-11
5.520000000000000000e+02,4.033363726180105199e-11
5.530000000000000000e+02,3.754233536727504620e-11
5.540000000000000000e+02,3.751805576576805990e-11
5.550000000000000000e+02,3.606023678728253470e-11
5.560000000000000000e+02,3.734716939515190084e-11
5.570000000000000000e+02,3.766625701693192365e-11
5.580000000000000000e+02,3.723783742084162747e-11
5.590000000000000000e+02,3.579394474878189008e-11
5.600000000000000000e+02,3.305244644562575276e-11
5.610000000000000000e+02,3.206364302199207626e-11
5.620000000000000000e+02,2.988083986400343394e-11
5.630000000000000000e+02,2.788859414025399766e-11
5.640000000000000000e+02,2.764736804152864993e-11
5.650000000000000000e+02,2.683463804212452298e-11
5.660000000000000000e+02,2.693369734979392006e-11
5.670000000000000000e+02,2.638332506572870242e-11
5.680000000000000000e+02,2.564625055773305509e-11
5.690000000000000000e+02,2.486344470071424139e-11
5.700000000000000000e+02,2.385361397663262840e-11
5.710000000000000000e+02,2.208964325971978642e-11
5.720000000000000000e+02,2.064281449815301428e-11
5.730000000000000000e+02,1.999360834770954084e-11
5.740000000000000000e+02,1.929245217537416018e-11
5.750000000000000000e+02,1.916715415614212659e-11
5.760000000000000000e+02,1.874862326104267861e-11
5.770000000000000000e+02,1.815378474428294981e-11
5.780000000000000000e+02,1.737704697101018603e-11
5.790000000000000000e+02,1.671651148807422437e-11
5.800000000000000000e+02,1.664684756379677454e-11
5.810000000000000000e+02,1.662561145456867029e-11
5.820000000000000000e+02,1.724821393759670452e-11
5.830000000000000000e+02,1.763528655524133756e-11
5.840000000000000000e+02,1.671504194292214563e-11
5.850000000000000000e+02,1.592360179070680025e-11
5.860000000000000000e+02,1.422029674115823942e-11
5.870000000000000000e+02,1.315523009386085364e-11
5.880000000000000000e+02,1.301502863268700331e-11
5.890000000000000000e+02,1.373586982315619060e-11
5.900000000000000000e+02,1.586950952685354012e-11
5.910000000000000000e+02,1.768384733256101654e-11
5.920000000000000000e+02,1.853179955307880138e-11
5.930000000000000000e+02,1.840448915831468137e-11
5.940000000000000000e+02,1.771157630884040377e-11
5.950000000000000000e+02,1.688350942843935872e-11
5.960000000000000000e+02,1.631136323697664865e-11
5.970000000000000000e+02,1.533017600085152279e-11
5.980000000000000000e+02,1.633755230435960464e-11
5.990000000000000000e+02,1.776396362192573301e-11
6.000000000000000000e+02,1.960513081961076661e-11
6.010000000000000000e+02,2.084649173434784951e-11
6.020000000000000000e+02,2.224680238280546754e-11
6.030000000000000000e+02,2.274444549109135963e-11
6.040000000000000000e+02,2.293036579224155614e-11
6.050000000000000000e+02,2.312933006174030488e-11
6.060000000000000000e+02,2.347323653377679410e-11
6.070000000000000000e+02,2.386007750459489946e-11
6.080000000000000000e+02,2.437120588335431856e-11
6.090000000000000000e+02,2.510228889231684177e-11
6.100000000000000000e+02,2.529764276382763944e-11
6.110000000000000000e+02,2.637624133181867058e-11
6.120000000000000000e+02,2.727599430582620427e-11
6.130000000000000000e+02,2.840264068569348422e-11
6.140000000000000000e+02,2.966852016139692010e-11
6.150000000000000000e+02,3.142781684387086941e-11
6.160000000000000000e+02,3.270023479174765912e-11
6.170000000000000000e+02,3.276138814839439089e-11
6.180000000000000000e+02,3.213207415910879012e-11
6.190000000000000000e+02,3.316531003336705123e-11
6.200000000000000000e+02,3.159377564564151852e-11
6.210000000000000000e+02,3.230375179716266890e-11
6.220000000000000000e+02,3.217196073035170729e-11
6.230000000000000000e+02,3.287743850055975414e-11
6.240000000000000000e+02,3.450240311431178672e-11
6.250000000000000000e+02,3.337250569130929059e-11
6.260000000000000000e+02,3.370013026101632663e-11
6.270000000000000000e+02,3.266551263331689284e-11
6.280000000000000000e+02,3.167975807266200389e-11
6.290000000000000000e+02,3.068079796762228275e-11
6.300000000000000000e+02,2.870936634667302908e-11
6.310000000000000000e+02,2.802796883769564105e-11
6.320000000000000000e+02,2.693774019060910615e-11
6.330000000000000000e+02,2.631503651241230081e-11
6.340000000000000000e+02,2.639666359944390884e-11
6.350000000000000000e+02,2.475353000099542527e-11
6.360000000000000000e+02,2.507272830687198567e-11
6.370000000000000000e+02,2.441012461648888628e-11
6.380000000000000000e+02,2.338568874647255651e-11
6.390000000000000000e+02,2.234437016207962355e-11
6.400000000000000000e+02,2.089483886141029577e-11
6.410000000000000000e+02,2.015875374163137260e-11
6.420000000000000000e+02,1.873931719515206383e-11
6.430000000000000000e+02,1.838150664748025052e-11
6.440000000000000000e+02,1.766816241496830603e-11
6.450000000000000000e+02,1.744295160077793532e-11
6.460000000000000000e+02,1.660949031681426299e-11
6.470000000000000000e+02,1.558831099115049426e-11
6.480000000000000000e+02,1.451227374356625792e-11
6.490000000000000000e+02,1.331466751311850454e-11
6.500000000000000000e+02,1.216688424080091268e-11
6.510000000000000000e+02,1.145204731360802168e-11
6.520000000000000000e+02,1.025836930104237605e-11
6.530000000000000000e+02,9.775597775054773246e-12
6.540000000000000000e+02,8.813420663237810978e-12
6.550000000000000000e+02,8.139958352664224998e-12
6.560000000000000000e+02,7.194162349206421436e-12
6.570000000000000000e+02,6.531097485346647395e-12
6.580000000000000000e+02,5.977328274386828693e-12
6.590000000000000000e+02,5.892638672662855972e-12
6.600000000000000000e+02,6.116931434762135863e-12
6.610000000000000000e+02,6.296197766230417846e-12
6.620000000000000000e+02,6.449355604559762627e-12
6.630000000000000000e+02,6.250587120692763803e-12
6.640000000000000000e+02,5.711057238814157069e-12
6.650000000000000000e+02,5.275258080614605922e-12
6.660000000000000000e+02,5.303107421747678642e-12
6.670000000000000000e+02,5.993014241371083037e-12
6.680000000000000000e+02,7.541847020335200277e-12
6.690000000000000000e+02,9.204824841313651506e-12
6.700000000000000000e+02,1.049005262642812533e-11
6.710000000000000000e+02,1.119759249462348150e-11
6.720000000000000000e+02,1.116870217215276022e-11
6.730000000000000000e+02,1.051996366273943732e-11
6.740000000000000000e+02,1.020752043615753914e-11
6.750000000000000000e+02,9.958681421132887971e-12
6.760000000000000000e+02,1.055613759430582611e-11
6.770000000000000000e+02,1.188433462573539018e-11
6.780000000000000000e+02,1.278301970782642916e-11
6.790000000000000000e+02,1.488732978178315285e-11
6.800000000000000000e+02,1.567084832709598869e-11
6.810000000000000000e+02,1.676012507522088709e-11
6.820000000000000000e+02,1.707563137413967723e-11
6.830000000000000000e+02,1.686270208020773892e-11
6.840000000000000000e+02,1.786016358594078692e-11
6.850000000000000000e+02,1.774371558531800066e-11
6.860000000000000000e+02,1.815672832453766032e-11
6.870000000000000000e+02,1.953655704951591115e-11
6.880000000000000000e+02,1.957476599337392940e-11
6.890000000000000000e+02,2.192349873691928782e-11
6.900000000000000000e+02,2.279192153105928838e-11
6.910000000000000000e+02,2.443499785808132311e-11
6.920000000000000000e+02,2.659156094995104769e-11
6.930000000000000000e+02,2.711065088431318360e-11
6.940000000000000000e+02,2.770804036435903648e-11
6.950000000000000000e+02,2.746223758107468329e-11
6.960000000000000000e+02,2.667216847805972711e-11
6.970000000000000000e+02,2.595930859293177880e-11
6.980000000000000000e+02,2.478612509129342799e-11
6.990000000000000000e+02,2.435963206560261640e-11
7.000000000000000000e+02,2.448054616901732104e-11
7.010000000000000000e+02,2.492444586656922144e-11
7.020000000000000000e+02,2.582793498923840593e-11
7.030000000000000000e+02,2.509639951330497568e-11
7.040000000000000000e+02,2.494174560895213906e-11
7.050000000000000000e+02,2.428203622726419775e-11
7.060000000000000000e+02,2.312104765002578373e-11
7.070000000000000000e+02,2.194405390784956093e-11
7.080000000000000000e+02,2.093831031802335561e-11
7.090000000000000000e+02,2.014565841079798411e-11
7.100000000000000000e+02,1.947675640502688184e-11
7.110000000000000000e+02,1.863919051564342099e-11
7.120000000000000000e+02,1.837678229531386602e-11
7.130000000000000000e+02,1.773744672909717122e-11
7.140000000000000000e+02,1.716076646150728448e-11
7.150000000000000000e+02,1.678185074373171221e-11
7.160000000000000000e+02,1.683127321551849299e-11
7.170000000000000000e+02,1.651562262898782861e-11
7.180000000000000000e+02,1.633317629246257028e-11
7.190000000000000000e+02,1.548985660396781824e-11
7.200000000000000000e+02,1.432585813008246732e-11
7.210000000000000000e+02,1.296394198739499262e-11
7.220000000000000000e+02,1.186769325291487437e-11
7.230000000000000000e+02,1.042763488091898827e-11
7.240000000000000000e+02,9.244664205650316790e-12
7.250000000000000000e+02,8.939147503686223068e-12
7.260000000000000000e+02,8.584413846421407828e-12
7.270000000000000000e+02,8.261315138395572659e-12
7.280000000000000000e+02,7.772951169011824052e-12
7.290000000000000000e+02,6.857357881005047065e-12
7.300000000000000000e+02,6.171705646079715292e-12
7.310000000000000000e+02,5.239508997815434162e-12
7.320000000000000000e+02,4.597783341762514336e-12
7.330000000000000000e+02,4.055331398765923921e-12
7.340000000000000000e+02,3.740850906927467058e-12
7.350000000000000000e+02,3.555337007578209083e-12
7.360000000000000000e+02,3.293858519069480352e-12
7.370000000000000000e+02,3.081867024203115254e-12
7.380000000000000000e+02,2.931556892804011639e-12
7.390000000000000000e+02,2.798819720747899292e-12
7.400000000000000000e+02,2.780875525139363376e-12
7.410000000000000000e+02,2.818238241407244682e-12
7.420000000000000000e+02,3.116487077521345168e-12
7.430000000000000000e+02,3.451541865396174114e-12
7.440000000000000000e+02,3.995839820335321696e-12
7.450000000000000000e+02,4.512463809633803142e-12
7.460000000000000000e+02,4.949684085960538833e-12
7.470000000000000000e+02,5.490145338914304083e-12
7.480000000000000000e+02,5.825553262853627605e-12
7.490000000000000000e+02,6.282883893396099993e-12
7.500000000000000000e+02,6.745697884886767026e-12
7.510000000000000000e+02,7.261031556967214159e-12
7.520000000000000000e+02,7.892617867085071754e-12
7.530000000000000000e+02,8.460921039902624902e-12
7.540000000000000000e+02,9.018370661674145028e-12
7.550000000000000000e+02,9.790212569626557208e-12
7.560000000000000000e+02,1.023111668551249041e-11
7.570000000000000000e+02,1.109106564857988137e-11
7.580000000000000000e+02,1.129239452231336654e-11
7.590000000000000000e+02,1.204907329391995387e-11
7.600000000000000000e+02,1.281126840796051730e-11
7.610000000000000000e+02,1.313247698549990926e-11
7.620000000000000000e+02,1.385643573736301824e-11
7.630000000000000000e+02,1.436720214094068889e-11
7.640000000000000000e+02,1.477440037631750075e-11
7.650000000000000000e+02,1.506598942955093142e-11
7.660000000000000000e+02,1.501827103634442967e-11
7.670000000000000000e+02,1.526676856591073826e-11
7.680000000000000000e+02,1.539030808866472865e-11
7.690000000000000000e+02,1.590128124873340169e-11
7.700000000000000000e+02,1.664051998937669051e-11
7.710000000000000000e+02,1.676605259993684016e-11
7.720000000000000000e+02,1.796074015387570402e-11
7.730000000000000000e+02,1.856771425870797334e-11
7.740000000000000000e+02,1.869428936276809006e-11
7.750000000000000000e+02,1.859433162610518047e-11
7.760000000000000000e+02,1.758541129746919066e-11
7.770000000000000000e+02,1.674634215086603906e-11
7.780000000000000000e+02,1.628982015954322215e-11
7.790000000000000000e+02,1.515973781922592606e-11
7.800000000000000000e+02,1.553693573979532058e-11
7.810000000000000000e+02,1.554877127807428755e-11
7.820000000000000000e+02,1.559804604336261987e-11
7.830000000000000000e+02,1.642481254281766266e-11
7.840000000000000000e+02,1.664586432304346743e-11
7.850000000000000000e+02,1.715314039842263481e-11
7.860000000000000000e+02,1.670771892707755499e-11
7.870000000000000000e+02,1.556441643027845758e-11
7.880000000000000000e+02,1.455912564124281041e-11
7.890000000000000000e+02,1.338865093696911690e-11
7.900000000000000000e+02,1.282751451567205702e-11
7.910000000000000000e+02,1.169218569904802863e-11
7.920000000000000000e+02,1.104984934344573611e-11
7.930000000000000000e+02,1.116025447704053581e-11
7.940000000000000000e+02,1.137060545623700397e-11
7.950000000000000000e+02,1.185874862751119003e-11
7.960000000000000000e+02,1.172737780041569501e-11
7.970000000000000000e+02,1.163563159346244577e-11
7.980000000000000000e+02,1.121093347225175801e-11
7.990000000000000000e+02,9.553338229478401829e-12
8.000000000000000000e+02,8.342101417684216937e-12
8.010000000000000000e+02,6.887222391967684455e-12
8.020000000000000000e+02,5.837169887030546924e-12
8.030000000000000000e+02,5.297612284719641377e-12
8.040000000000000000e+02,4.896476425967769519e-12
8.050000000000000000e+02,5.165808576606880496e-12
8.060000000000000000e+02,5.292066876043865886e-12
8.070000000000000000e+02,5.454802411370976739e-12
8.080000000000000000e+02,5.400756680655456669e-12
8.090000000000000000e+02,4.755574601158307646e-12
8.100000000000000000e+02,4.361181841358518922e-12
8.110000000000000000e+02,3.721651076001594769e-12
8.120000000000000000e+02,3.313545682683930398e-12
8.130000000000000000e+02,3.112828347630306503e-12
8.140000000000000000e+02,3.095912428348634792e-12
8.150000000000000000e+02,3.220021719543218374e-12
8.160000000000000000e+02,3.425157974764748663e-12
8.170000000000000000e+02,3.629604402213405586e-12
8.180000000000000000e+02,3.672900303407233686e-12
8.190000000000000000e+02,3.858433114927229765e-12
8.200000000000000000e+02,3.983352492137287411e-12
8.210000000000000000e+02,4.005069422814939090e-12
8.220000000000000000e+02,4.173576961122789453e-12
8.230000000000000000e+02,4.349935127285089224e-12
8.240000000000000000e+02,4.430888033374437900e-12
8.250000000000000000e+02,4.605220617658316062e-12
8.260000000000000000e+02,4.741971239008759409e-12
8.270000000000000000e+02,5.039695260839412418e-12
8.280000000000000000e+02,5.243999966081861133e-12
8.290000000000000000e+02,5.316293065389103893e-12
8.300000000000000000e+02,5.509651923418329649e-12
8.310000000000000000e+02,5.803076889495199793e-12
8.320000000000000000e+02,6.080957378931732502e-12
8.330000000000000000e+02,6.567933822631983907e-12
8.340000000000000000e+02,7.034386436354877334e-12
8.350000000000000000e+02,7.530029312389925991e-12
8.360000000000000000e+02,8.121831101715933438e-12
8.370000000000000000e+02,8.507333554680806969e-12
8.380000000000000000e+02,8.787800706778101890e-12
8.390000000000000000e+02,9.330280559855655472e-12
8.400000000000000000e+02,9.705426629925901185e-12
8.410000000000000000e+02,1.025232904623519130e-11
8.420000000000000000e+02,1.072758797331186732e-11
8.430000000000000000e+02,1.113121831159255675e-11
8.440000000000000000e+02,1.141782979374485245e-11
8.450000000000000000e+02,1.143969870659181389e-11
8.460000000000000000e+02,1.148276223371094968e-11
8.470000000000000000e+02,1.129061735221420568e-11
8.480000000000000000e+02,1.148728888633507098e-11
8.490000000000000000e+02,1.165213101129974975e-11
8.500000000000000000e+02,1.192799335314722943e-11
8.510000000000000000e+02,1.226914868806916986e-11
8.520000000000000000e+02,1.256002645000292312e-11
8.530000000000000000e+02,1.270910383484546012e-11
8.540000000000000000e+02,1.268207031636052551e-11
8.550000000000000000e+02,1.223535457278072670e-11
8.560000000000000000e+02,1.175534104358880789e-11
8.570000000000000000e+02,1.112793360418762031e-11
8.580000000000000000e+02,1.053784511678990202e-11
8.590000000000000000e+02,1.013346019665735066e-11
8.600000000000000000e+02,1.012632278614800924e-11
8.610000000000000000e+02,1.056115026103854618e-11
8.620000000000000000e+02,1.078201731527987272e-11
8.630000000000000000e+02,1.132544261828109598e-11
8.640000000000000000e+02,1.118244637355286186e-11
8.650000000000000000e+02,1.131716173798321202e-11
8.660000000000000000e+02,1.109601784502763254e-11
8.670000000000000000e+02,1.022647794371823764e-11
8.680000000000000000e+02,9.534079034383276704e-12
8.690000000000000000e+02,8.740953070118009496e-12
8.700000000000000000e+02,8.247650625189433103e-12
8.710000000000000000e+02,7.968318987396148786e-12
8.720000000000000000e+02,7.632509791750726513e-12
8.730000000000000000e+02,7.747594848130189004e-12
8.740000000000000000e+02,7.935057048553765404e-12
8.750000000000000000e+02,8.100632455945240885e-12
8.760000000000000000e+02,8.072649241575791007e-12
8.770000000000000000e+02,7.669623030029522190e-12
8.780000000000000000e+02,7.104855953552792596e-12
8.790000000000000000e+02,6.388494782009780041e-12
8.800000000000000000e+02,5.614145965074860529e-12
8.810000000000000000e+02,4.823046535898379367e-12
8.820000000000000000e+02,4.401597603013141468e-12
8.830000000000000000e+02,4.175002608813386646e-12
8.840000000000000000e+02,4.260611206295014748e-12
8.850000000000000000e+02,4.436109985836657887e-12
8.860000000000000000e+02,4.611973503043910945e-12
8.870000000000000000e+02,4.625183912792649195e-12
8.880000000000000000e+02,4.419938904095071943e-12
8.890000000000000000e+02,4.090220622805386711e-12
8.900000000000000000e+02,3.716406176127048253e-12
8.910000000000000000e+02,3.419844303453839086e-12
8.920000000000000000e+02,3.111651159050923659e-12
8.930000000000000000e+02,2.920889873287538642e-12
8.940000000000000000e+02,2.981962157942280854e-12
8.950000000000000000e+02,3.062287466529452854e-12
8.960000000000000000e+02,3.259967517186315495e-12
8.970000000000000000e+02,3.507361828785517307e-12
8.980000000000000000e+02,3.654996599019611374e-12
8.990000000000000000e+02,3.943459074346284687e-12
9.000000000000000000e+02,4.064193151615741093e-12
9.010000000000000000e+02,4.227603115907127115e-12
9.020000000000000000e+02,4.324322702832421755e-12
9.030000000000000000e+02,4.335890153494746506e-12
9.040000000000000000e+02,4.536178232260345534e-12
9.050000000000000000e+02,4.654488194858501446e-12
9.060000000000000000e+02,4.844270805578521777e-12
9.070000000000000000e+02,5.242309679045684557e-12
9.080000000000000000e+02,5.607665462739668192e-12
9.090000000000000000e+02,5.967855537628481815e-12
9.100000000000000000e+02,6.175518135042164136e-12
9.110000000000000000e+02,6.330161371599997831e-12
9.120000000000000000e+02,6.515205945608643276e-12
9.130000000000000000e+02,6.673253274673002273e-12
9.140000000000000000e+02,6.856123410885215432e-12
9.150000000000000000e+02,6.839717051616235564e-12
9.160000000000000000e+02,7.289765305903491157e-12
9.170000000000000000e+02,7.332237111883933627e-12
9.180000000000000000e+02,7.491699713641934055e-12
9.190000000000000000e+02,7.544945832380548186e-12
9.200000000000000000e+02,7.880320889023893877e-12
9.210000000000000000e+02,7.921131411184101252e-12
9.220000000000000000e+02,7.966204826964954703e-12
9.230000000000000000e+02,8.008406168494672015e-12
9.240000000000000000e+02,7.982345471579272552e-12
9.250000000000000000e+02,8.117190432989150586e-12
9.260000000000000000e+02,7.991732505892839274e-12
9.270000000000000000e+02,7.918506075851977964e-12
9.280000000000000000e+02,7.941703118444695996e-12
9.290000000000000000e+02,8.051338300329630798e-12
9.300000000000000000e+02,8.173113152537888567e-12
9.310000000000000000e+02,8.190751521290753792e-12
9.320000000000000000e+02,8.238015516715047349e-12
9.330000000000000000e+02,8.266843034457698853e-12
9.340000000000000000e+02,8.193835314005053379e-12
9.350000000000000000e+02,7.882640399213196396e-12
9.360000000000000000e+02,7.530959965046003795e-12
9.370000000000000000e+02,7.300270059794278068e-12
9.380000000000000000e+02,7.107071225942699362e-12
9.390000000000000000e+02,6.889135550614504038e-12
9.400000000000000000e+02,6.741258940412915807e-12
9.410000000000000000e+02,6.572475772314902933e-12
9.420000000000000000e+02,6.535931349323461146e-12
9.430000000000000000e+02,6.396558902429795521e-12
9.440000000000000000e+02,6.492302922008817753e-12
9.450000000000000000e+02,6.265550039557359860e-12
9.460000000000000000e+02,6.078651210260736099e-12
9.470000000000000000e+02,5.836710404189608718e-12
9.480000000000000000e+02,5.464906879665417601e-12
9.490000000000000000e+02,5.242965426046656114e-12
9.500000000000000000e+02,4.949121578798605546e-12
9.510000000000000000e+02,4.713076626400316225e-12
9.520000000000000000e+02,4.705874525956620452e-12
9.530000000000000000e+02,4.746055244721576898e-12
9.540000000000000000e+02,4.760081776839952063e-12
9.550000000000000000e+02,4.835276062529289101e-12
9.560000000000000000e+02,4.727824764146946756e-12
9.570000000000000000e+02,4.574543518302426854e-12
9.580000000000000000e+02,4.419377888490718510e-12
9.590000000000000000e+02,4.082366350538159764e-12
9.600000000000000000e+02,3.838667641531406170e-12
9.610000000000000000e+02,3.526143042456232672e-12
9.620000000000000000e+02,3.426708003005159790e-12
9.630000000000000000e+02,3.458784440548997903e-12
9.640000000000000000e+02,3.391717489507447162e-12
9.650000000000000000e+02,3.537948562206261887e-12
9.660000000000000000e+02,3.683990360975721554e-12
9.670000000000000000e+02,3.853949679736863072e-12
9.680000000000000000e+02,3.937630409903934734e-12
9.690000000000000000e+02,3.925936472796530309e-12
9.700000000000000000e+02,3.713417695589871649e-12
9.710000000000000000e+02,3.569917344066729073e-12
9.720000000000000000e+02,3.449025037149387158e-12
9.730000000000000000e+02,3.435154619374286294e-12
9.740000000000000000e+02,3.491702027472888867e-12
9.750000000000000000e+02,3.775587912352551902e-12
9.760000000000000000e+02,4.229875881884289598e-12
9.770000000000000000e+02,4.688452002239515802e-12
9.780000000000000000e+02,5.109970652781855915e-12
9.790000000000000000e+02,5.349862100696703359e-12
9.800000000000000000e+02,5.455223771565434229e-12
9.810000000000000000e+02,5.392543137219275737e-12
9.820000000000000000e+02,5.045158548111112728e-12
9.830000000000000000e+02,4.923452330667999196e-12
9.840000000000000000e+02,4.818092441595096073e-12
9.850000000000000000e+02,4.893889701582779497e-12
9.860000000000000000e+02,5.231553899242057482e-12
9.870000000000000000e+02,5.433951642944244722e-12
9.880000000000000000e+02,5.911800142419580348e-12
9.890000000000000000e+02,6.086691522202984744e-12
9.900000000000000000e+02,6.198802912600467979e-12
9.910000000000000000e+02,6.039032414362444956e-12
9.920000000000000000e+02,5.858988365365246329e-12
9.930000000000000000e+02,5.782505648632654775e-12
9.940000000000000000e+02,5.603217434257597567e-12
9.950000000000000000e+02,5.578301729845880459e-12
9.960000000000000000e+02,5.591472654672515198e-12
9.970000000000000000e+02,5.533186268278225373e-12
9.980000000000000000e+02,5.627323663315329464e-12
9.990000000000000000e+02,5.521491007796290672e-12
1.000000000000000000e+03,5.667886782207723642e-12
1.001000000000000000e+03,5.748765501024304232e-12
1.002000000000000000e+03,5.817806535390644855e-12
1.003000000000000000e+03,5.941536940870027514e-12
1.004000000000000000e+03,5.715847522898547966e-12
1.005000000000000000e+03,5.746942822681618489e-12
1.006000000000000000e+03,5.572325393937601890e-12
1.007000000000000000e+03,5.389442716875714007e-12
1.008000000000000000e+03,5.201088817123860588e-12
1.009000000000000000e+03,5.031940055314297467e-12
1.010000000000000000e+03,5.101166323206604639e-12
1.011000000000000000e+03,5.181513725583655016e-12
1.012000000000000000e+03,5.146099181674940397e-12
1.013000000000000000e+03,5.335834171944087332e-12
1.014000000000000000e+03,5.209211372962633311e-12
1.015000000000000000e+03,5.211670791066513002e-12
1.016000000000000000e+03,5.034496465483633182e-12
1.017000000000000000e+03,4.641118863898088381e-12
1.018000000000000000e+03,4.429540150420966079e-12
1.019000000000000000e+03,4.120408570309832001e-12
1.020000000000000000e+03,3.891094116038363706e-12
1.021000000000000000e+03,3.819961116292577921e-12
1.022000000000000000e+03,3.693238279247918925e-12
1.023000000000000000e+03,3.719907820299350285e-12
1.024000000000000000e+03,3.745711126334052541e-12
1.025000000000000000e+03,3.684036850102229023e-12
1.026000000000000000e+03,3.791165081979723629e-12
1.027000000000000000e+03,3.546391531824493165e-12
1.028000000000000000e+03,3.251193199450499065e-12
1.029000000000000000e+03,3.054068348178033714e-12
1.030000000000000000e+03,2.894957312718567613e-12
1.031000000000000000e+03,2.955010669119202584e-12
1.032000000000000000e+03,2.865347439865830093e-12
1.033000000000000000e+03,2.905966019305112821e-12
1.034000000000000000e+03,3.036546203786081847e-12
1.035000000000000000e+03,3.123531443184785978e-12
1.036000000000000000e+03,3.276028570538013809e-12
1.037000000000000000e+03,3.136570793867256171e-12
1.038000000000000000e+03,2.999981237585577059e-12
1.039000000000000000e+03,2.922943881208278353e-12
1.040000000000000000e+03,2.761498331654438755e-12
1.041000000000000000e+03,2.823304003339457160e-12
1.042000000000000000e+03,2.676623252540044890e-12
1.043000000000000000e+03,2.771889701021498227e-12
1.044000000000000000e+03,2.976047507539678377e-12
1.045000000000000000e+03,3.195896497060535481e-12
1.046000000000000000e+03,3.494930290578932339e-12
1.047000000000000000e+03,3.604052193812720758e-12
1.048000000000000000e+03,3.701618526765392138e-12
1.049000000000000000e+03,3.675774306559653587e-12
1.050000000000000000e+03,3.477468109360612332e-12
1.051000000000000000e+03,3.390727999264508086e-12
1.052000000000000000e+03,3.235404362129990784e-12
1.053000000000000000e+03,3.318470974103085651e-12
1.054000000000000000e+03,3.585916121002475526e-12
1.055000000000000000e+03,3.961020988497956436e-12
1.056000000000000000e+03,4.533766893692413609e-12
1.057000000000000000e+03,4.944046046897100789e-12
1.058000000000000000e+03,5.294010966891083563e-12
1.059000000000000000e+03,5.224861402845904410e-12
1.060000000000000000e+03,5.011880968150623838e-12
1.061000000000000000e+03,4.794572211451910769e-12
1.062000000000000000e+03,4.451223836027303353e-12
1.063000000000000000e+03,4.319760257695295879e-12
1.064000000000000000e+03,4.397137745692512189e-12
1.065000000000000000e+03,4.569903915060313002e-12
1.066000000000000000e+03,4.917697053398201997e-12
1.067000000000000000e+03,5.067121145265869032e-12
1.068000000000000000e+03,5.280053154500459597e-12
1.069000000000000000e+03,5.305792419385323315e-12
1.070000000000000000e+03,5.219411476055330106e-12
1.071000000000000000e+03,5.005723662749672325e-12
1.072000000000000000e+03,4.715509522675109627e-12
1.073000000000000000e+03,4.631541953151720690e-12
1.074000000000000000e+03,4.438727137500640957e-12
1.075000000000000000e+03,4.318790862721531440e-12
1.076000000000000000e+03,4.241640602717885304e-12
1.077000000000000000e+03,4.194886351781345187e-12
1.078000000000000000e+03,4.259267160112696029e-12
1.079000000000000000e+03,4.273117101146706401e-12
1.080000000000000000e+03,4.294085992240155308e-12
1.081000000000000000e+03,4.373704587551118849e-12
1.082000000000000000e+03,4.425882385143176929e-12
1.083000000000000000e+03,4.373618399675777494e-12
1.084000000000000000e+03,4.200095022005462195e-12
1.085000000000000000e+03,3.990788587624236828e-12
1.086000000000000000e+03,3.780916278350779696e-12
1.087000000000000000e+03,3.553532057403834035e-12
1.088000000000000000e+03,3.401117479415621889e-12
1.089000000000000000e+03,3.326344350763364343e-12
1.090000000000000000e+03,3.260969018182747190e-12
1.091000000000000000e+03,3.275800806226022766e-12
1.092000000000000000e+03,3.324900901323852703e-12
1.093000000000000000e+03,3.301879987649192661e-12
1.094000000000000000e+03,3.371279505293045803e-12
1.095000000000000000e+03,3.193290363792701771e-12
1.096000000000000000e+03,2.968314452687528435e-12
1.097000000000000000e+03,2.776732861663108961e-12
1.098000000000000000e+03,2.616139475392404201e-12
1.099000000000000000e+03,2.603474115583947795e-12
1.100000000000000000e+03,2.466842643937316150e-12
1.101000000000000000e+03,2.406464415945235877e-12
1.102000000000000000e+03,2.431517115426410388e-12
1.103000000000000000e+03,2.367111863420710044e-12
1.104000000000000000e+03,2.504588094126096814e-12
1.105000000000000000e+03,2.349812880217443435e-12
1.106000000000000000e+03,2.342041505791644850e-12
1.107000000000000000e+03,2.424825002008806724e-12
1.108000000000000000e+03,2.450963436933466759e-12
1.109000000000000000e+03,2.616733832492299556e-12
1.110000000000000000e+03,2.556368989378291459e-12
1.111000000000000000e+03,2.537280531663885527e-12
1.112000000000000000e+03,2.545512396009204831e-12
1.113000000000000000e+03,2.456888497615031890e-12
1.114000000000000000e+03,2.529611390710666162e-12
1.115000000000000000e+03,2.428685342046085246e-12
1.116000000000000000e+03,2.487529684103560282e-12
1.117000000000000000e+03,2.616978390795741107e-12
1.118000000000000000e+03,2.691643500592148662e-12
1.119000000000000000e+03,2.949758107880573382e-12
1.120000000000000000e+03,2.991136386689513704e-12
1.121000000000000000e+03,3.047803737740918509e-12
1.122000000000000000e+03,3.146734466758174346e-12
1.123000000000000000e+03,3.216109939664112166e-12
1.124000000000000000e+03,3.390501491702872575e-12
1.125000000000000000e+03,3.442911397933179297e-12
1.126000000000000000e+03,3.557682729170988971e-12
1.127000000000000000e+03,3.737187127602501360e-12
1.128000000000000000e+03,3.882861120762706849e-12
1.129000000000000000e+03,3.871147818298779309e-12
1.130000000000000000e+03,3.888229668226928516e-12
1.131000000000000000e+03,3.781083109870440553e-12
1.132000000000000000e+03,3.848311725666241046e-12
1.133000000000000000e+03,3.873278651118056029e-12
1.134000000000000000e+03,4.007094060369051845e-12
1.135000000000000000e+03,4.137624045584084798e-12
1.136000000000000000e+03,4.335478895973753088e-12
1.137000000000000000e+03,4.380500399706506780e-12
1.138000000000000000e+03,4.422559753184110949e-12
1.139000000000000000e+03,4.225994841867220219e-12
1.140000000000000000e+03,4.043646672720943475e-12
1.141000000000000000e+03,3.802038077609562096e-12
1.142000000000000000e+03,3.607564572918205960e-12
1.143000000000000000e+03,3.469625621402528032e-12
1.144000000000000000e+03,3.450145684912516168e-12
1.145000000000000000e+03,3.559824702979192717e-12
1.146000000000000000e+03,3.625347117023244567e-12
1.147000000000000000e+03,3.730741850996108597e-12
1.148000000000000000e+03,3.757235569203412024e-12
1.149000000000000000e+03,3.689141576563518649e-12
1.150000000000000000e+03,3.637328568299744341e-12
1.151000000000000000e+03,3.445558040800258985e-12
1.152000000000000000e+03,3.217922584598643366e-12
1.153000000000000000e+03,3.070456208745344461e-12
1.154000000000000000e+03,2.871949652279269819e-12
1.155000000000000000e+03,2.825156568128750493e-12
1.156000000000000000e+03,2.722347658628590635e-12
1.157000000000000000e+03,2.747306969340789115e-12
1.158000000000000000e+03,2.864995659656716420e-12
1.159000000000000000e+03,2.957911845584652993e-12
1.160000000000000000e+03,3.032768800576061347e-12
1.161000000000000000e+03,3.018802388648229064e-12
1.162000000000000000e+03,3.049986313974389972e-12
1.163000000000000000e+03,2.877849388748154506e-12
1.164000000000000000e+03,2.678465546303404010e-12
1.165000000000000000e+03,2.454593228394516376e-12
1.166000000000000000e+03,2.212840549067778763e-12
1.167000000000000000e+03,2.166634552667653668e-12
1.168000000000000000e+03,2.112867137753425871e-12
1.169000000000000000e+03,2.171446066396309623e-12
1.170000000000000000e+03,2.319224757227339345e-12
1.171000000000000000e+03,2.458629168241264254e-12
1.172000000000000000e+03,2.561699412561788073e-12
1.173000000000000000e+03,2.448032925937328610e-12
1.174000000000000000e+03,2.349008944866000236e-12
1.175000000000000000e+03,2.141290964355190224e-12
1.176000000000000000e+03,1.981683584472833739e-12
1.177000000000000000e+03,1.917584589490599862e-12
1.178000000000000000e+03,1.831591821734949816e-12
1.179000000000000000e+03,1.918283682169428705e-12
1.180000000000000000e+03,2.028469117891439268e-12
1.181000000000000000e+03,2.194761377205368341e-12
1.182000000000000000e+03,2.217125773309930916e-12
1.183000000000000000e+03,2.181333801008695996e-12
1.184000000000000000e+03,2.121162724254098545e-12
1.185000000000000000e+03,2.058511209077109029e-12
1.186000000000000000e+03,2.052018611105190503e-12
1.187000000000000000e+03,2.047172415820905824e-12
1.188000000000000000e+03,2.144600064131418682e-12
1.189000000000000000e+03,2.221450474695967769e-12
1.190000000000000000e+03,2.330008991601922727e-12
1.191000000000000000e+03,2.511863533766303599e-12
1.192000000000000000e+03,2.454791936333957046e-12
1.193000000000000000e+03,2.499582104146564058e-12
1.194000000000000000e+03,2.385833447884514780e-12
1.195000000000000000e+03,2.381986288373260701e-12
1.196000000000000000e+03,2.325115104353219011e-12
1.197000000000000000e+03,2.362401784403890768e-12
1.198000000000000000e+03,2.482498697699383758e-12
1.199000000000000000e+03,2.610969373493114591e-12
1.200000000000000000e+03,2.838668551761120466e-12
1.201000000000000000e+03,2.964105002858419461e-12
1.202000000000000000e+03,3.020637439569202477e-12
1.203000000000000000e+03,3.033315305516914979e-12
1.204000000000000000e+03,2.993116125971572358e-12
1.205000000000000000e+03,2.992387372256184994e-12
1.206000000000000000e+03,2.953917675488177390e-12
1.207000000000000000e+03,2.831600714011424757e-12
1.208000000000000000e+03,2.930736055944189587e-12
1.209000000000000000e+03,2.987296188609586682e-12
1.210000000000000000e+03,3.105126614625707339e-12
1.211000000000000000e+03,3.129563353986835827e-12
1.212000000000000000e+03,3.136278690559816302e-12
1.213000000000000000e+03,3.149974757968859377e-12
1.214000000000000000e+03,3.113855119546945739e-12
1.215000000000000000e+03,3.095520829900670912e-12
1.216000000000000000e+03,3.063094584282660257e-12
1.217000000000000000e+03,3.005293083428494822e-12
1.218000000000000000e+03,3.008309966579773639e-12
1.219000000000000000e+03,2.956003828614094382e-12
1.220000000000000000e+03,2.879925663635424690e-12
1.221000000000000000e+03,2.825849774399160713e-12
1.222000000000000000e+03,2.756396552203140910e-12
1.223000000000000000e+03,2.729643336584833681e-12
1.224000000000000000e+03,2.634245756484757920e-12
1.225000000000000000e+03,2.680190908359145803e-12
1.226000000000000000e+03,2.691397275810595060e-12
1.227000000000000000e+03,2.766587135283354061e-12
1.228000000000000000e+03,2.739680609883590004e-12
1.229000000000000000e+03,2.786349430949931359e-12
1.230000000000000000e+03,2.695828407410593291e-12
1.231000000000000000e+03,2.584714816920227164e-12
1.232000000000000000e+03,2.399966782655940753e-12
1.233000000000000000e+03,2.239711811035514885e-12
1.234000000000000000e+03,2.111016496534074484e-12
1.235000000000000000e+03,2.034306079646787862e-12
1.236000000000000000e+03,2.004451208336487259e-12
1.237000000000000000e+03,2.063011536061989914e-12
1.238000000000000000e+03,2.160832048935050364e-12
1.239000000000000000e+03,2.297641982433943070e-12
1.240000000000000000e+03,2.341389914219376422e-12
1.241000000000000000e+03,2.330965081087817973e-12
1.242000000000000000e+03,2.217233118248151196e-12
1.243000000000000000e+03,2.018189971903908499e-12
1.244000000000000000e+03,1.817755246664053903e-12
1.245000000000000000e+03,1.586057068528260598e-12
1.246000000000000000e+03,1.438035005595926666e-12
1.247000000000000000e+03,1.421944339896114010e-12
1.248000000000000000e+03,1.500388190002234071e-12
1.249000000000000000e+03,1.664718832727206170e-12
1.250000000000000000e+03,1.832855229084270107e-12
1.251000000000000000e+03,1.983303522536327622e-12
1.252000000000000000e+03,2.014434250539696131e-12
1.253000000000000000e+03,1.956139863614089202e-12
1.254000000000000000e+03,1.878639656860090700e-12
1.255000000000000000e+03,1.633335021039403026e-12
1.256000000000000000e+03,1.485409874798482927e-12
1.257000000000000000e+03,1.382348338834558691e-12
1.258000000000000000e+03,1.413210996155090600e-12
1.259000000000000000e+03,1.505393121966512303e-12
1.260000000000000000e+03,1.662432864607403010e-12
1.261000000000000000e+03,1.885369916364448097e-12
1.262000000000000000e+03,2.027884667754284677e-12
1.263000000000000000e+03,2.180475244124493800e-12
1.264000000000000000e+03,2.177949527600269471e-12
1.265000000000000000e+03,2.112817446082914906e-12
1.266000000000000000e+03,2.022298304366132110e-12
1.267000000000000000e+03,1.922002897946208027e-12
1.268000000000000000e+03,1.988920895797558260e-12
1.269000000000000000e+03,1.965822401314333014e-12
1.270000000000000000e+03,2.087592511589962214e-12
1.271000000000000000e+03,2.235291331726061043e-12
1.272000000000000000e+03,2.359016297967387482e-12
1.273000000000000000e+03,2.579770745549203709e-12
1.274000000000000000e+03,2.577737539156734192e-12
1.275000000000000000e+03,2.560521419813826454e-12
1.276000000000000000e+03,2.590500545283422037e-12
1.277000000000000000e+03,2.549399281191501014e-12
1.278000000000000000e+03,2.643259619149914533e-12
1.279000000000000000e+03,2.561972567149534667e-12
1.280000000000000000e+03,2.639619370798041696e-12
1.281000000000000000e+03,2.701067194913163077e-12
1.282000000000000000e+03,2.719463592953708263e-12
1.283000000000000000e+03,2.787067317448865520e-12
1.284000000000000000e+03,2.735560045065060798e-12
1.285000000000000000e+03,2.720854869835772142e-12
1.286000000000000000e+03,2.666750219353612481e-12
1.287000000000000000e+03,2.623219341096131590e-12
1.288000000000000000e+03,2.617743106174786025e-12
1.289000000000000000e+03,2.562987349276748747e-12
1.290000000000000000e+03,2.588468640522251585e-12
1.291000000000000000e+03,2.566703787380910351e-12
1.292000000000000000e+03,2.550314464716119467e-12
1.293000000000000000e+03,2.509603983212412298e-12
1.294000000000000000e+03,2.407456882415469149e-12
1.295000000000000000e+03,2.380158637244323086e-12
1.296000000000000000e+03,2.265768677716939335e-12
1.297000000000000000e+03,2.255119410590710688e-12
1.298000000000000000e+03,2.195794278150823770e-12
1.299000000000000000e+03,2.159126909669227339e-12
1.300000000000000000e+03,2.101536488999080220e-12
1.301000000000000000e+03,2.045287990280360139e-12
1.302000000000000000e+03,2.017045390695702776e-12
1.303000000000000000e+03,1.913372721345339059e-12
1.304000000000000000e+03,1.839095529773645937e-12
1.305000000000000000e+03,1.792577270727290295e-12
1.306000000000000000e+03,1.703586420054484997e-12
1.307000000000000000e+03,1.679937153034329697e-12
1.308000000000000000e+03,1.595755586530848795e-12
1.309000000000000000e+03,1.541585535757676666e-12
1.310000000000000000e+03,1.477571969996894256e-12
1.311000000000000000e+03,1.359286542042521280e-12
1.312000000000000000e+03,1.262661540789931024e-12
1.313000000000000000e+03,1.128494773876151849e-12
1.314000000000000000e+03,1.040201103379468990e-12
1.315000000000000000e+03,9.903391371605870604e-13
1.316000000000000000e+03,9.748083249372322243e-13
1.317000000000000000e+03,1.011724727253635157e-12
1.318000000000000000e+03,1.073303129218219517e-12
1.319000000000000000e+03,1.132995626872054743e-12
1.320000000000000000e+03,1.159456199866978025e-12
1.321000000000000000e+03,1.148395960645113236e-12
1.322000000000000000e+03,1.067781186347561307e-12
1.323000000000000000e+03,9.686984018478497841e-13
1.324000000000000000e+03,8.808858908161391509e-13
1.325000000000000000e+03,8.248841456513775145e-13
1.326000000000000000e+03,8.202261235526835508e-13
1.327000000000000000e+03,8.813615923903073317e-13
1.328000000000000000e+03,9.952981486887910495e-13
1.329000000000000000e+03,1.131479558521095344e-12
1.330000000000000000e+03,1.248663036511980811e-12
1.331000000000000000e+03,1.372753577939281522e-12
1.332000000000000000e+03,1.382104671091757611e-12
1.333000000000000000e+03,1.379307040893639338e-12
1.334000000000000000e+03,1.337521903899843392e-12
1.335000000000000000e+03,1.261074708519319814e-12
1.336000000000000000e+03,1.295166268478391217e-12
1.337000000000000000e+03,1.279153465061747092e-12
1.338000000000000000e+03,1.372723994349862368e-12
1.339000000000000000e+03,1.505351062546519468e-12
1.340000000000000000e+03,1.697780677859178310e-12
1.341000000000000000e+03,1.935011152094117287e-12
1.342000000000000000e+03,2.034173123877564570e-12
1.343000000000000000e+03,2.154841469346105178e-12
1.344000000000000000e+03,2.189021720330200403e-12
1.345000000000000000e+03,2.189294710963248821e-12
1.346000000000000000e+03,2.230585572088859771e-12
1.347000000000000000e+03,2.100169339829386596e-12
1.348000000000000000e+03,2.143092498217163791e-12
1.349000000000000000e+03,2.146914825786427574e-12
1.350000000000000000e+03,2.331864329423783519e-12
1.351000000000000000e+03,2.397923647232984756e-12
1.352000000000000000e+03,2.555227575906900570e-12
1.353000000000000000e+03,2.712089053516177031e-12
1.354000000000000000e+03,2.769924544385041231e-12
1.355000000000000000e+03,2.812554387947403611e-12
1.356000000000000000e+03,2.736832817063965162e-12
1.357000000000000000e+03,2.660674783853666033e-12
1.358000000000000000e+03,2.616655143295248677e-12
1.359000000000000000e+03,2.526949725415159540e-12
1.360000000000000000e+03,2.576899050954618845e-12
1.361000000000000000e+03,2.553579660336257800e-12
1.362000000000000000e+03,2.585853728506297915e-12
1.363000000000000000e+03,2.641361385832714440e-12
1.364000000000000000e+03,2.573520624192829324e-12
1.365000000000000000e+03,2.632737273568586154e-12
1.366000000000000000e+03,2.527628203994805332e-12
1.367000000000000000e+03,2.459637725296731767e-12
1.368000000000000000e+03,2.340963231265586176e-12
1.369000000000000000e+03,2.271075475149207818e-12
1.370000000000000000e+03,2.249505722121214094e-12
1.371000000000000000e+03,2.118638096978071793e-12
1.372000000000000000e+03,2.051299039108343047e-12
1.373000000000000000e+03,1.953296214036336528e-12
1.374000000000000000e+03,1.869618067240746530e-12
1.375000000000000000e+03,1.825613869006051926e-12
1.376000000000000000e+03,1.687738867662678748e-12
1.377000000000000000e+03,1.638329297345440844e-12
1.378000000000000000e+03,1.570977511697080472e-12
1.379000000000000000e+03,1.516758358818147357e-12
1.380000000000000000e+03,1.451236497602834001e-12
1.381000000000000000e+03,1.333435767386585825e-12
1.382000000000000000e+03,1.256918132338969939e-12
1.383000000000000000e+03,1.151857956489980255e-12
1.384000000000000000e+03,1.075798331650131624e-12
1.385000000000000000e+03,9.806778537502789620e-13
1.386000000000000000e+03,9.122455900450894962e-13
1.387000000000000000e+03,8.612304809655938906e-13
1.388000000000000000e+03,8.105692526204168188e-13
1.389000000000000000e+03,7.570465423518688894e-13
1.390000000000000000e+03,6.970406293133281382e-13
1.391000000000000000e+03,6.516179904982747139e-13
1.392000000000000000e+03,6.063409927477935309e-13
1.393000000000000000e+03,5.578888731294826227e-13
1.394000000000000000e+03,5.339390579568320674e-13
1.395000000000000000e+03,5.184312818703874544e-13
1.396000000000000000e+03,5.170802592304086898e-13
1.397000000000000000e+03,5.245777109420924212e-13
1.398000000000000000e+03,5.392364992483817422e-13
1.399000000000000000e+03,5.609512948186656400e-13
1.400000000000000000e+03,5.715811297921795145e-13
1.401000000000000000e+03,5.853608650362812972e-13
1.402000000000000000e+03,5.782603533616347483e-13
1.403000000000000000e+03,5.752700126588043782e-13
1.404000000000000000e+03,5.925999989623026478e-13
1.405000000000000000e+03,6.070019639462737643e-13
1.406000000000000000e+03,6.613060757729538266e-13
1.407000000000000000e+03,7.340264511897825082e-13
1.408000000000000000e+03,8.374028445896703855e-13
1.409000000000000000e+03,9.221076270621817022e-13
1.410000000000000000e+03,1.004697537612539722e-12
1.411000000000000000e+03,1.065686286371576560e-12
1.412000000000000000e+03,1.100577902351891718e-12
1.413000000000000000e+03,1.151902698082808307e-12
1.414000000000000000e+03,1.150088453085817383e-12
1.415000000000000000e+03,1.190802249642462713e-12
1.416000000000000000e+03,1.241181945347584121e-12
1.417000000000000000e+03,1.322707004730591004e-12
1.418000000000000000e+03,1.476287783250476428e-12
1.419000000000000000e+03,1.567209557583774302e-12
1.420000000000000000e+03,1.738555008343433542e-12
1.421000000000000000e+03,1.897602395800528112e-12
1.422000000000000000e+03,2.032814653949723162e-12
1.423000000000000000e+03,2.155709997682915148e-12
1.424000000000000000e+03,2.145450643173327562e-12
1.425000000000000000e+03,2.142342781265992018e-12
1.426000000000000000e+03,2.069619268926186646e-12
1.427000000000000000e+03,2.033869099391695479e-12
1.428000000000000000e+03,2.049026087335633363e-12
1.429000000000000000e+03,2.080577493456543918e-12
1.430000000000000000e+03,2.228284999992889732e-12
1.431000000000000000e+03,2.368941301000729148e-12
1.432000000000000000e+03,2.570837784884058998e-12
1.433000000000000000e+03,2.704745234429105545e-12
1.434000000000000000e+03,2.671676993650851279e-12
1.435000000000000000e+03,2.596840321325227364e-12
1.436000000000000000e+03,2.391870215851956882e-12
1.437000000000000000e+03,2.280520120964091009e-12
1.438000000000000000e+03,2.153318072039916464e-12
1.439000000000000000e+03,2.050995266786550239e-12
1.440000000000000000e+03,2.065755072100200686e-12
1.441000000000000000e+03,2.117505582143935466e-12
1.442000000000000000e+03,2.227214315942430687e-12
1.443000000000000000e+03,2.327215509778443395e-12
1.444000000000000000e+03,2.300267437702367624e-12
1.445000000000000000e+03,2.245003771015455626e-12
1.446000000000000000e+03,2.119484127916124003e-12
1.447000000000000000e+03,2.010446186251557871e-12
1.448000000000000000e+03,1.830779149562077249e-12
1.449000000000000000e+03,1.696644262304812805e-12
1.450000000000000000e+03,1.588536399784955413e-12
1.451000000000000000e+03,1.528167839285676858e-12
1.452000000000000000e+03,1.512652106742586485e-12
1.453000000000000000e+03,1.509234049394997896e-12
1.454000000000000000e+03,1.508653228249076874e-12
1.455000000000000000e+03,1.476954258809192929e-12
1.456000000000000000e+03,1.439717662798794472e-12
1.457000000000000000e+03,1.362563452880310318e-12
1.458000000000000000e+03,1.237186374077801286e-12
1.459000000000000000e+03,1.133238880473717134e-12
1.460000000000000000e+03,9.845649323404480247e-13
1.461000000000000000e+03,8.775990482950543111e-13
1.462000000000000000e+03,8.036790665880130500e-13
1.463000000000000000e+03,7.226756106590153359e-13
1.464000000000000000e+03,7.028593743002400769e-13
1.465000000000000000e+03,6.703435366546121966e-13
1.466000000000000000e+03,6.610312091044009215e-13
1.467000000000000000e+03,6.190608764353791831e-13
1.468000000000000000e+03,5.637112877718958064e-13
1.469000000000000000e+03,5.122887291967697045e-13
1.470000000000000000e+03,4.581521906419054775e-13
1.471000000000000000e+03,4.069138618940824142e-13
1.472000000000000000e+03,3.762416336021537584e-13
1.473000000000000000e+03,3.560539444377173626e-13
1.474000000000000000e+03,3.666618639014416545e-13
1.475000000000000000e+03,3.572591347804624283e-13
1.476000000000000000e+03,3.565917709359401917e-13
1.477000000000000000e+03,3.568324352905160167e-13
1.478000000000000000e+03,3.669370499088516163e-13
1.479000000000000000e+03,3.660904765503403648e-13
1.480000000000000000e+03,3.818329432083192134e-13
1.481000000000000000e+03,4.056368509339453003e-13
1.482000000000000000e+03,4.352170085747137915e-13
1.483000000000000000e+03,4.676663225749893378e-13
1.484000000000000000e+03,4.965840080478196887e-13
1.485000000000000000e+03,5.350821809319108105e-13
1.486000000000000000e+03,5.839680670166864257e-13
1.487000000000000000e+03,6.202450268293067575e-13
1.488000000000000000e+03,6.781820569137910549e-13
1.489000000000000000e+03,7.393709064334904370e-13
1.490000000000000000e+03,7.997014485615283147e-13
1.491000000000000000e+03,8.716196722718494796e-13
1.492000000000000000e+03,9.196080110574150054e-13
1.493000000000000000e+03,9.909667737626209291e-13
1.494000000000000000e+03,1.032491383784573653e-12
1.495000000000000000e+03,1.086551347135381270e-12
1.496000000000000000e+03,1.147732753568504388e-12
1.497000000000000000e+03,1.206751089021137188e-12
1.498000000000000000e+03,1.293239254527591886e-12
1.499000000000000000e+03,1.373026724369744903e-12
1.500000000000000000e+03,1.515158704740542036e-12
1.501000000000000000e+03,1.642681262694776948e-12
1.502000000000000000e+03,1.721507995417163597e-12
1.503000000000000000e+03,1.750462661551453167e-12
1.504000000000000000e+03,1.723308020187191097e-12
1.505000000000000000e+03,1.710421808907509901e-12
1.506000000000000000e+03,1.662705201484307498e-12
1.507000000000000000e+03,1.601975218917017048e-12
1.508000000000000000e+03,1.583946737645126441e-12
1.509000000000000000e+03,1.649236456436394652e-12
1.510000000000000000e+03,1.774452206395207799e-12
1.511000000000000000e+03,1.928186701182699245e-12
1.512000000000000000e+03,2.036889201114874030e-12
1.513000000000000000e+03,2.090550355155663694e-12
1.514000000000000000e+03,2.088034680659600662e-12
1.515000000000000000e+03,2.037898245349901425e-12
1.516000000000000000e+03,1.846322648792300218e-12
1.517000000000000000e+03,1.725038496652879922e-12
1.518000000000000000e+03,1.592656796652087618e-12
1.519000000000000000e+03,1.556691806768795661e-12
1.520000000000000000e+03,1.577320600033143902e-12
1.521000000000000000e+03,1.623126572507222171e-12
1.522000000000000000e+03,1.736421669067555304e-12
1.523000000000000000e+03,1.805177988697679007e-12
1.524000000000000000e+03,1.877040330109108148e-12
1.525000000000000000e+03,1.845782105477117293e-12
1.526000000000000000e+03,1.747417282751646726e-12
1.527000000000000000e+03,1.632639164420976238e-12
1.528000000000000000e+03,1.417759651762360003e-12
1.529000000000000000e+03,1.290858761562253155e-12
1.530000000000000000e+03,1.149370913443286903e-12
1.531000000000000000e+03,1.090584071400463095e-12
1.532000000000000000e+03,1.104143369832868183e-12
1.533000000000000000e+03,1.127212042786541350e-12
1.534000000000000000e+03,1.238684104831297479e-12
1.535000000000000000e+03,1.244585278293119665e-12
1.536000000000000000e+03,1.260211177228452248e-12
1.537000000000000000e+03,1.199127717272457574e-12
1.538000000000000000e+03,1.082727790934210260e-12
1.539000000000000000e+03,9.406153146074932333e-13
1.540000000000000000e+03,7.631131698253990950e-13
1.541000000000000000e+03,6.339581677979262320e-13
1.542000000000000000e+03,5.542870382882092786e-13
1.543000000000000000e+03,5.433851385904679910e-13
1.544000000000000000e+03,5.868896243688939305e-13
1.545000000000000000e+03,6.214565622500528117e-13
1.546000000000000000e+03,6.584441515794441697e-13
1.547000000000000000e+03,6.643603059238823103e-13
1.548000000000000000e+03,6.402426642154331737e-13
1.549000000000000000e+03,5.845337342249899773e-13
1.550000000000000000e+03,5.027013240960253067e-13
1.551000000000000000e+03,4.437481120447933539e-13
1.552000000000000000e+03,4.013623144876616878e-13
1.553000000000000000e+03,3.890950150848845617e-13
1.554000000000000000e+03,3.942587970803893302e-13
1.555000000000000000e+03,4.233641339568643797e-13
1.556000000000000000e+03,4.592684545959431499e-13
1.557000000000000000e+03,4.848646353259063803e-13
1.558000000000000000e+03,5.129905955266657732e-13
1.559000000000000000e+03,5.284706383176533270e-13
1.560000000000000000e+03,5.418566242786609898e-13
1.561000000000000000e+03,5.662365229913584210e-13
1.562000000000000000e+03,5.868434365698758078e-13
1.563000000000000000e+03,6.169942524430927915e-13
1.564000000000000000e+03,6.547086933869522239e-13
1.565000000000000000e+03,6.918147957742745353e-13
1.566000000000000000e+03,7.228186781048677528e-13
1.567000000000000000e+03,7.465295216724297863e-13
1.568000000000000000e+03,7.826635284506486845e-13
1.569000000000000000e+03,8.080479410294217461e-13
1.570000000000000000e+03,8.544204472160573747e-13
1.571000000000000000e+03,8.832884235793703752e-13
1.572000000000000000e+03,9.395978384493457769e-13
1.573000000000000000e+03,1.001151906468389939e-12
1.574000000000000000e+03,1.036639764148392214e-12
1.575000000000000000e+03,1.090923669890266311e-12
1.576000000000000000e+03,1.120992529058759278e-12
1.577000000000000000e+03,1.173140614553424715e-12
1.578000000000000000e+03,1.220405889997541498e-12
1.579000000000000000e+03,1.265722075049541746e-12
1.580000000000000000e+03,1.294531779155688909e-12
1.581000000000000000e+03,1.314480278356352207e-12
1.582000000000000000e+03,1.357997143474364110e-12
1.583000000000000000e+03,1.371131870357215064e-12
1.584000000000000000e+03,1.380480581027309815e-12
1.585000000000000000e+03,1.375297289991073656e-12
1.586000000000000000e+03,1.357294189945101017e-12
1.587000000000000000e+03,1.381427805137498064e-12
1.588000000000000000e+03,1.391056302847599770e-12
1.589000000000000000e+03,1.416119969488523057e-12
1.590000000000000000e+03,1.444384829763402669e-12
1.591000000000000000e+03,1.483598787196100352e-12
1.592000000000000000e+03,1.536378552790961442e-12
1.593000000000000000e+03,1.504427401855767583e-12
1.594000000000000000e+03,1.504943901275810052e-12
1.595000000000000000e+03,1.436380918718659538e-12
1.596000000000000000e+03,1.352484463603677910e-12
1.597000000000000000e+03,1.297002094274489684e-12
1.598000000000000000e+03,1.186649609619141342e-12
1.599000000000000000e+03,1.171926816798482235e-12
1.600000000000000000e+03,1.145169977303083722e-12
1.601000000000000000e+03,1.171534724011215497e-12
1.602000000000000000e+03,1.249463803705660074e-12
1.603000000000000000e+03,1.260227318633061218e-12
1.604000000000000000e+03,1.299013938716493073e-12
1.605000000000000000e+03,1.258693818503410658e-12
1.606000000000000000e+03,1.205988701736926059e-12
1.607000000000000000e+03,1.116890761157817602e-12
1.608000000000000000e+03,9.590361826089270230e-13
1.609000000000000000e+03,8.401071545863862226e-13
1.610000000000000000e+03,7.484538188966081607e-13
1.611000000000000000e+03,7.214914091616307139e-13
1.612000000000000000e+03,7.691830271989523123e-13
1.613000000000000000e+03,8.170826339082976646e-13
1.614000000000000000e+03,8.882679264505451382e-13
1.615000000000000000e+03,9.351727485567226200e-13
1.616000000000000000e+03,9.634116098945013846e-13
1.617000000000000000e+03,9.190460595750065104e-13
1.618000000000000000e+03,8.025120243989701208e-13
1.619000000000000000e+03,6.859077239092506363e-13
1.620000000000000000e+03,5.646569630148859057e-13
1.621000000000000000e+03,4.848973108036265900e-13
1.622000000000000000e+03,4.616047126674524421e-13
1.623000000000000000e+03,4.888187895244783415e-13
1.624000000000000000e+03,5.510107387467174037e-13
1.625000000000000000e+03,6.361117858452853900e-13
1.626000000000000000e+03,7.105748828525683905e-13
1.627000000000000000e+03,7.340381507657372214e-13
1.628000000000000000e+03,7.382125729596730032e-13
1.629000000000000000e+03,6.961736647036533231e-13
1.630000000000000000e+03,6.321453644556356474e-13
1.631000000000000000e+03,5.748355890811757132e-13
1.632000000000000000e+03,5.279215256175351679e-13
1.633000000000000000e+03,5.084728300884307887e-13
1.634000000000000000e+03,5.321030898250678714e-13
1.635000000000000000e+03,5.686577731040985527e-13
1.636000000000000000e+03,6.306089063654522301e-13
1.637000000000000000e+03,6.944295325413612453e-13
1.638000000000000000e+03,7.535156326317576611e-13
1.639000000000000000e+03,7.658387671079984126e-13
1.640000000000000000e+03,7.775908365214262517e-13
1.641000000000000000e+03,7.634277463410937102e-13
1.642000000000000000e+03,7.405994364477977590e-13
1.643000000000000000e+03,7.213778381116644853e-13
1.644000000000000000e+03,7.125846251653981795e-13
1.645000000000000000e+03,7.422768403444761522e-13
1.646000000000000000e+03,7.736223715037275202e-13
1.647000000000000000e+03,8.329317578849635471e-13
1.648000000000000000e+03,8.781793182173550691e-13
1.649000000000000000e+03,9.122703681220038328e-13
1.650000000000000000e+03,9.414237297803589235e-13
1.651000000000000000e+03,9.405870363095096264e-13
1.652000000000000000e+03,9.322070494198021056e-13
1.653000000000000000e+03,9.259199978330652382e-13
1.654000000000000000e+03,9.240805554961007583e-13
1.655000000000000000e+03,9.423695286895073315e-13
1.656000000000000000e+03,9.311572052791291136e-13
1.657000000000000000e+03,9.598774263178011776e-13
1.658000000000000000e+03,9.625943795775465675e-13
1.659000000000000000e+03,9.808743865945522164e-13
1.660000000000000000e+03,9.893906759461567645e-13
1.661000000000000000e+03,9.696779862673191474e-13
1.662000000000000000e+03,9.767967654349626142e-13
1.663000000000000000e+03,9.586264237285495680e-13
1.664000000000000000e+03,9.552351560876101759e-13
1.665000000000000000e+03,9.692139261723654560e-13
1.666000000000000000e+03,9.453508647494474975e-13
1.667000000000000000e+03,9.530786347034439503e-13
1.668000000000000000e+03,9.427597021359042795e-13
1.669000000000000000e+03,9.401716987104280437e-13
1.670000000000000000e+03,9.758845534605184524e-13
1.671000000000000000e+03,9.633223929984461797e-13
1.672000000000000000e+03,9.793476661354777005e-13
1.673000000000000000e+03,9.694715820913632582e-13
1.674000000000000000e+03,9.534418115217238835e-13
1.675000000000000000e+03,9.401591461489045710e-13
1.676000000000000000e+03,8.803979250020176447e-13
1.677000000000000000e+03,8.185541409804932355e-13
1.678000000000000000e+03,7.870815866622253991e-13
1.679000000000000000e+03,7.730643563584623718e-13
1.680000000000000000e+03,7.911082274500777065e-13
1.681000000000000000e+03,8.053432050925367434e-13
1.682000000000000000e+03,8.223050745392855831e-13
1.683000000000000000e+03,8.663293540056778879e-13
1.684000000000000000e+03,8.871305770604086641e-13
1.685000000000000000e+03,8.313392509701864696e-13
1.686000000000000000e+03,7.791897281895718668e-13
1.687000000000000000e+03,6.991621013297634380e-13
1.688000000000000000e+03,6.363907876345563229e-13
1.689000000000000000e+03,6.017158134664428006e-13
1.690000000000000000e+03,5.704401094016853629e-13
1.691000000000000000e+03,5.992312455366865692e-13
1.692000000000000000e+03,6.420333888836183850e-13
1.693000000000000000e+03,7.223340062509385584e-13
1.694000000000000000e+03,7.829620477238747147e-13
1.695000000000000000e+03,8.001934625513806446e-13
1.696000000000000000e+03,7.998308906867697980e-13
1.697000000000000000e+03,7.391529991871545435e-13
1.698000000000000000e+03,6.825996170515044902e-13
1.699000000000000000e+03,6.092179716927446498e-13
1.700000000000000000e+03,5.401835170056156730e-13
1.701000000000000000e+03,5.151135872680436567e-13
1.702000000000000000e+03,5.214135788134526114e-13
1.703000000000000000e+03,5.760257944822360055e-13
1.704000000000000000e+03,6.633803404260670424e-13
1.705000000000000000e+03,7.442024853764409911e-13
1.706000000000000000e+03,8.100915414659159459e-13
1.707000000000000000e+03,8.379902608663793764e-13
1.708000000000000000e+03,8.395819241179433891e-13
1.709000000000000000e+03,7.922318298157200065e-13
1.710000000000000000e+03,7.251982590817973749e-13
1.711000000000000000e+03,6.482327675731503298e-13
1.712000000000000000e+03,6.068614735920590746e-13
1.713000000000000000e+03,6.087082517990264888e-13
1.714000000000000000e+03,6.418950849441906444e-13
1.715000000000000000e+03,7.244264755882065571e-13
1.716000000000000000e+03,8.155009151499972202e-13
1.717000000000000000e+03,8.991294703541381979e-13
1.718000000000000000e+03,9.642081208497918383e-13
1.719000000000000000e+03,9.567158051716618163e-13
1.720000000000000000e+03,9.376346458739431054e-13
1.721000000000000000e+03,8.737691682887378034e-13
1.722000000000000000e+03,8.122783947866605988e-13
1.723000000000000000e+03,7.598749090355602753e-13
1.724000000000000000e+03,7.319007200941751116e-13
1.725000000000000000e+03,7.590705299401822389e-13
1.726000000000000000e+03,8.107098727910664934e-13
1.727000000000000000e+03,8.858472861354909153e-13
1.728000000000000000e+03,9.456846455347210527e-13
1.729000000000000000e+03,9.838977156715649290e-13
1.730000000000000000e+03,9.829153929513863837e-13
1.731000000000000000e+03,9.472519298446642971e-13
1.732000000000000000e+03,8.983499707935880595e-13
1.733000000000000000e+03,8.430856395705119353e-13
1.734000000000000000e+03,7.936355742875633427e-13
1.735000000000000000e+03,7.691410837040241584e-13
1.736000000000000000e+03,7.596579299928838162e-13
1.737000000000000000e+03,7.666048084007962473e-13
1.738000000000000000e+03,7.888304457093030299e-13
1.739000000000000000e+03,7.950860884634151602e-13
1.740000000000000000e+03,7.850113215197331567e-13
1.741000000000000000e+03,7.840626687325564240e-13
1.742000000000000000e+03,7.728064652976023732e-13
1.743000000000000000e+03,7.430560159927989007e-13
1.744000000000000000e+03,7.147236714249970932e-13
1.745000000000000000e+03,6.778163742483542063e-13
1.746000000000000000e+03,6.595673592780379896e-13
1.747000000000000000e+03,6.361619545551638802e-13
1.748000000000000000e+03,6.138931395058676643e-13
1.749000000000000000e+03,5.956444440791944728e-13
1.750000000000000000e+03,5.856350760921199399e-13
1.751000000000000000e+03,5.918508837150231168e-13
1.752000000000000000e+03,6.010509930966597102e-13
1.753000000000000000e+03,5.844775088234286829e-13
1.754000000000000000e+03,5.806041098632972962e-13
1.755000000000000000e+03,5.530644609130693624e-13
1.756000000000000000e+03,5.380217225973500587e-13
1.757000000000000000e+03,5.131258970116765611e-13
1.758000000000000000e+03,4.705892467123405534e-13
1.759000000000000000e+03,4.524754407421871176e-13
1.760000000000000000e+03,4.384358453633092284e-13
1.761000000000000000e+03,4.539497016378955426e-13
1.762000000000000000e+03,4.718502768489905134e-13
1.763000000000000000e+03,4.759458008766257632e-13
1.764000000000000000e+03,4.928874374754989830e-13
1.765000000000000000e+03,4.874630129705741316e-13
1.766000000000000000e+03,4.835411511721566656e-13
1.767000000000000000e+03,4.776993023026440110e-13
1.768000000000000000e+03,4.385517744963920050e-13
1.769000000000000000e+03,4.307278802417847833e-13
1.770000000000000000e+03,4.273232037203692255e-13
1.771000000000000000e+03,4.520360170106358033e-13
1.772000000000000000e+03,4.990659220251477018e-13
1.773000000000000000e+03,5.294197672742658106e-13
1.774000000000000000e+03,5.737638100109439155e-13
1.775000000000000000e+03,6.057576841824146545e-13
1.776000000000000000e+03,6.191702465113086344e-13
1.777000000000000000e+03,6.336169626729546042e-13
1.778000000000000000e+03,5.976847606499041903e-13
1.779000000000000000e+03,5.675805734311458642e-13
1.780000000000000000e+03,5.572313211741145747e-13
1.781000000000000000e+03,5.494882898801374263e-13
1.782000000000000000e+03,5.955295889659038463e-13
1.783000000000000000e+03,6.396592562487757863e-13
1.784000000000000000e+03,7.098267241033954306e-13
1.785000000000000000e+03,7.937504263640346317e-13
1.786000000000000000e+03,8.499203423017269814e-13
1.787000000000000000e+03,8.650810264427927909e-13
1.788000000000000000e+03,8.573498921367775973e-13
1.789000000000000000e+03,8.182575698627613860e-13
1.790000000000000000e+03,7.666635663374932376e-13
1.791000000000000000e+03,7.075446964090356076e-13
1.792000000000000000e+03,6.883730920340373390e-13
1.793000000000000000e+03,6.920323322556158132e-13
1.794000000000000000e+03,7.492263537534412256e-13
1.795000000000000000e+03,8.402093411663042205e-13
1.796000000000000000e+03,9.012357972475636847e-13
1.797000000000000000e+03,9.826137114424975626e-13
1.798000000000000000e+03,9.947692965107748766e-13
1.799000000000000000e+03,9.722001097502079949e-13
1.800000000000000000e+03,8.971948030253062406e-13
1.801000000000000000e+03,8.103272877067007329e-13
1.802000000000000000e+03,7.414591794289275351e-13
1.803000000000000000e+03,6.815058478549075338e-13
1.804000000000000000e+03,6.721648433824531240e-13
1.805000000000000000e+03,7.055133747990220907e-13
1.806000000000000000e+03,7.655380631017763996e-13
1.807000000000000000e+03,8.380388816839692133e-13
1.808000000000000000e+03,8.759809099185910386e-13
1.809000000000000000e+03,9.089303624448929818e-13
1.810000000000000000e+03,8.849209239950432676e-13
1.811000000000000000e+03,8.355353854521993387e-13
1.812000000000000000e+03,7.624654949024193105e-13
1.813000000000000000e+03,6.622499423838226622e-13
1.814000000000000000e+03,6.093701266672028497e-13
1.815000000000000000e+03,5.683571768824199268e-13
1.816000000000000000e+03,5.678449029640884654e-13
1.817000000000000000e+03,5.865784041692639233e-13
1.818000000000000000e+03,6.189029543781271378e-13
1.819000000000000000e+03,6.611817741778880201e-13
1.820000000000000000e+03,6.781578223654383993e-13
1.821000000000000000e+03,6.740078735984775130e-13
1.822000000000000000e+03,6.403445963901385761e-13
1.823000000000000000e+03,5.910511166816611623e-13
1.824000000000000000e+03,5.372952906958696989e-13
1.825000000000000000e+03,4.779086918795749817e-13
1.826000000000000000e+03,4.340454100435746663e-13
1.827000000000000000e+03,4.084202215299630618e-13
1.828000000000000000e+03,3.947488031181701306e-13
1.829000000000000000e+03,4.139166665337714595e-13
1.830000000000000000e+03,4.299917129955274306e-13
1.831000000000000000e+03,4.358838501990988572e-13
1.832000000000000000e+03,4.462358480230161241e-13
1.833000000000000000e+03,4.393030379856078722e-13
1.834000000000000000e+03,4.209543734649832969e-13
1.835000000000000000e+03,4.149454089896862950e-13
1.836000000000000000e+03,3.792127075044335898e-13
1.837000000000000000e+03,3.612767409864861955e-13
1.838000000000000000e+03,3.502507302671095186e-13
1.839000000000000000e+03,3.513396274564613428e-13
1.840000000000000000e+03,3.716687377544573958e-13
1.841000000000000000e+03,3.701423441780386191e-13
1.842000000000000000e+03,3.825124111866461352e-13
1.843000000000000000e+03,3.984366801548302560e-13
1.844000000000000000e+03,4.143713004782659181e-13
1.845000000000000000e+03,4.530219703756682944e-13
1.846000000000000000e+03,4.454568194516059557e-13
1.847000000000000000e+03,4.552438754576565583e-13
1.848000000000000000e+03,4.632998876162942943e-13
1.849000000000000000e+03,4.708527501217540091e-13
1.850000000000000000e+03,4.737023700664391084e-13
1.851000000000000000e+03,4.707235996545935249e-13
1.852000000000000000e+03,4.772832016794141261e-13
1.853000000000000000e+03,4.977197950982108012e-13
1.854000000000000000e+03,5.252675401238280451e-13
1.855000000000000000e+03,5.292225024506313846e-13
1.856000000000000000e+03,5.454534741421777074e-13
1.857000000000000000e+03,5.563637490212282490e-13
1.858000000000000000e+03,5.653329588063661053e-13
1.859000000000000000e+03,5.765065195967445084e-13
1.860000000000000000e+03,5.727791990976949407e-13
1.861000000000000000e+03,5.878905551175212306e-13
1.862000000000000000e+03,6.105731512712598685e-13
1.863000000000000000e+03,6.514946937985321034e-13
1.864000000000000000e+03,6.678415465670534353e-13
1.865000000000000000e+03,7.047344026543055390e-13
1.866000000000000000e+03,7.222646062291787447e-13
1.867000000000000000e+03,7.240382570353833698e-13
1.868000000000000000e+03,7.230263574467460854e-13
1.869000000000000000e+03,6.998942346345433463e-13
1.870000000000000000e+03,6.879102494874164975e-13
1.871000000000000000e+03,6.663964899449678326e-13
1.872000000000000000e+03,6.603342073808187832e-13
1.873000000000000000e+03,6.828109973609115246e-13
1.874000000000000000e+03,7.024307056117624750e-13
1.875000000000000000e+03,7.408529301771693581e-13
1.876000000000000000e+03,7.635229475930366417e-13
1.877000000000000000e+03,7.797822477758597868e-13
1.878000000000000000e+03,7.805215065874647002e-13
1.879000000000000000e+03,7.509678909773158059e-13
1.880000000000000000e+03,7.039588970220700580e-13
1.881000000000000000e+03,6.514696560916674660e-13
1.882000000000000000e+03,5.976804128825449513e-13
1.883000000000000000e+03,5.615342627032101332e-13
1.884000000000000000e+03,5.585174088923194594e-13
1.885000000000000000e+03,5.675449397024878796e-13
1.886000000000000000e+03,6.295280473499212532e-13
1.887000000000000000e+03,6.838280979707663567e-13
1.888000000000000000e+03,7.336988056137769514e-13
1.889000000000000000e+03,7.459867453294966070e-13
1.890000000000000000e+03,7.196283802074414365e-13
1.891000000000000000e+03,6.644732122179376024e-13
1.892000000000000000e+03,5.788239422921098275e-13
1.893000000000000000e+03,4.920066148759278817e-13
1.894000000000000000e+03,4.285363846429572860e-13
1.895000000000000000e+03,3.965810789133223885e-13
1.896000000000000000e+03,4.073912311162573024e-13
1.897000000000000000e+03,4.488505106655239264e-13
1.898000000000000000e+03,5.121849510945457172e-13
1.899000000000000000e+03,5.650725130252927791e-13
1.900000000000000000e+03,5.881308390273585250e-13
1.901000000000000000e+03,5.850729275813565693e-13
1.902000000000000000e+03,5.285795199019466251e-13
1.903000000000000000e+03,4.614581880207769380e-13
1.904000000000000000e+03,3.729080809853342900e-13
1.905000000000000000e+03,3.036452163188929962e-13
1.906000000000000000e+03,2.745111045355228191e-13
1.907000000000000000e+03,2.855499483351351375e-13
1.908000000000000000e+03,3.276312556625036099e-13
1.909000000000000000e+03,3.867876839233367541e-13
1.910000000000000000e+03,4.396342614988632164e-13
1.911000000000000000e+03,4.811013222095055950e-13
1.912000000000000000e+03,4.872468049594535918e-13
1.913000000000000000e+03,4.610117612569549193e-13
1.914000000000000000e+03,4.148748103926800227e-13
1.915000000000000000e+03,3.690281262120289894e-13
1.916000000000000000e+03,3.392118785518677055e-13
1.917000000000000000e+03,3.321306535297929727e-13
1.918000000000000000e+03,3.438963349706907892e-13
1.919000000000000000e+03,3.641649358586624853e-13
1.920000000000000000e+03,4.012733788775243280e-13
1.921000000000000000e+03,4.349691692169737362e-13
1.922000000000000000e+03,4.658932635737323481e-13
1.923000000000000000e+03,4.621918448937714981e-13
1.924000000000000000e+03,4.622639578061193436e-13
1.925000000000000000e+03,4.611894287687307439e-13
1.926000000000000000e+03,4.743603075212906576e-13
1.927000000000000000e+03,4.709055675109814141e-13
1.928000000000000000e+03,4.794638938585579484e-13
1.929000000000000000e+03,4.936628188681697483e-13
1.930000000000000000e+03,5.150502043305039923e-13
1.931000000000000000e+03,5.349799209203431646e-13
1.932000000000000000e+03,5.335942733326530847e-13
1.933000000000000000e+03,5.464560039048125984e-13
1.934000000000000000e+03,5.508299020849365315e-13
1.935000000000000000e+03,5.588254036495250257e-13
1.936000000000000000e+03,5.803851393276335853e-13
1.937000000000000000e+03,5.842184157104436606e-13
1.938000000000000000e+03,6.004178731757860061e-13
1.939000000000000000e+03,6.125411081561453964e-13
1.940000000000000000e+03,6.121315034974568492e-13
1.941000000000000000e+03,6.239297517812924588e-13
1.942000000000000000e+03,6.179273794409694059e-13
1.943000000000000000e+03,6.094036271872428309e-13
1.944000000000000000e+03,6.010043301631172292e-13
1.945000000000000000e+03,5.897275250756690904e-13
1.946000000000000000e+03,5.934469618373261679e-13
1.947000000000000000e+03,5.811139016968742538e-13
1.948000000000000000e+03,5.719969791598714660e-13
1.949000000000000000e+03,5.697903890042045786e-13
1.950000000000000000e+03,5.617454892735899649e-13
1.951000000000000000e+03,5.655479321942521811e-13
1.952000000000000000e+03,5.524636493160805035e-13
1.953000000000000000e+03,5.376294477507462584e-13
1.954000000000000000e+03,5.432133445584025184e-13
1.955000000000000000e+03,5.385603857593545078e-13
1.956000000000000000e+03,5.506754965181075708e-13
1.957000000000000000e+03,5.415833156949713778e-13
1.958000000000000000e+03,5.306216181438393211e-13
1.959000000000000000e+03,5.158222088503524978e-13
1.960000000000000000e+03,4.789913171981551654e-13
1.961000000000000000e+03,4.450543679358413272e-13
1.962000000000000000e+03,4.127573729788286014e-13
1.963000000000000000e+03,3.910535513886411303e-13
1.964000000000000000e+03,3.921606442897201381e-13
1.965000000000000000e+03,4.026494185253046701e-13
1.966000000000000000e+03,4.343528009157855329e-13
1.967000000000000000e+03,4.642810363603008281e-13
1.968000000000000000e+03,4.855175644697934469e-13
1.969000000000000000e+03,4.781444546758871769e-13
1.970000000000000000e+03,4.393104308586935574e-13
1.971000000000000000e+03,3.898915089329376267e-13
1.972000000000000000e+03,3.217503334134411185e-13
1.973000000000000000e+03,2.621102729724632776e-13
1.974000000000000000e+03,2.264738749509226368e-13
1.975000000000000000e+03,2.221329680119958147e-13
1.976000000000000000e+03,2.562746380002650705e-13
1.977000000000000000e+03,3.073746271247174330e-13
1.978000000000000000e+03,3.685642412894018997e-13
1.979000000000000000e+03,4.184352741401787021e-13
1.980000000000000000e+03,4.409840548518201791e-13
1.981000000000000000e+03,4.298190594179465898e-13
1.982000000000000000e+03,3.741447026109732338e-13
1.983000000000000000e+03,3.145740671847418562e-13
1.984000000000000000e+03,2.501997865602442790e-13
1.985000000000000000e+03,2.150712969650100419e-13
1.986000000000000000e+03,2.096441102976129433e-13
1.987000000000000000e+03,2.521247356587175634e-13
1.988000000000000000e+03,3.230861867308817311e-13
1.989000000000000000e+03,4.118558116473778584e-13
1.990000000000000000e+03,4.801536479383867355e-13
1.991000000000000000e+03,5.142621525875574742e-13
1.992000000000000000e+03,5.225361968516627819e-13
1.993000000000000000e+03,4.925193363345242535e-13
1.994000000000000000e+03,4.427540061988293037e-13
1.995000000000000000e+03,3.881445985738743141e-13
1.996000000000000000e+03,3.547218328208159065e-13
1.997000000000000000e+03,3.575179250745866992e-13
1.998000000000000000e+03,3.875997423279141987e-13
1.999000000000000000e+03,4.405616819841346622e-13
2.000000000000000000e+03,5.022233730323490496e-13
2.001000000000000000e+03,5.495167463300677157e-13
2.002000000000000000e+03,5.919149926805334242e-13
2.003000000000000000e+03,6.025208359961521434e-13
2.004000000000000000e+03,6.036516842421463528e-13
2.005000000000000000e+03,5.811625274409264447e-13
2.006000000000000000e+03,5.508585441144792896e-13
2.007000000000000000e+03,5.373031756211236391e-13
2.008000000000000000e+03,5.264514187176731662e-13
2.009000000000000000e+03,5.453186974877839178e-13
2.010000000000000000e+03,5.665047819986470157e-13
2.011000000000000000e+03,5.858983102171721414e-13
2.012000000000000000e+03,6.194340053578195787e-13
2.013000000000000000e+03,6.422898462144748693e-13
2.014000000000000000e+03,6.680637125984299544e-13
2.015000000000000000e+03,6.656548429831220508e-13
2.016000000000000000e+03,6.480100143342081724e-13
2.017000000000000000e+03,6.400784744830863969e-13
2.018000000000000000e+03,6.112605031094820333e-13
2.019000000000000000e+03,6.136636935320059443e-13
2.020000000000000000e+03,5.933264329535248714e-13
2.021000000000000000e+03,5.895090630686288567e-13
2.022000000000000000e+03,5.937748631535245677e-13
2.023000000000000000e+03,5.915248516663799419e-13
2.024000000000000000e+03,5.800780632034853853e-13
2.025000000000000000e+03,5.563887178775557681e-13
2.026000000000000000e+03,5.377488842634705352e-13
2.027000000000000000e+03,5.207055260159768642e-13
2.028000000000000000e+03,5.076077872687043973e-13
2.029000000000000000e+03,4.895897857074758993e-13
2.030000000000000000e+03,4.775798546602790103e-13
2.031000000000000000e+03,4.678956455410671244e-13
2.032000000000000000e+03,4.566128127053145867e-13
2.033000000000000000e+03,4.351981166613169799e-13
2.034000000000000000e+03,4.154732854582768948e-13
2.035000000000000000e+03,3.917005364829607819e-13
2.036000000000000000e+03,3.718709322748133592e-13
2.037000000000000000e+03,3.535470450637353806e-13
2.038000000000000000e+03,3.405529975383689237e-13
2.039000000000000000e+03,3.202745275872083997e-13
2.040000000000000000e+03,3.015916651856190489e-13
2.041000000000000000e+03,2.808966372219047178e-13
2.042000000000000000e+03,2.635250904339977485e-13
2.043000000000000000e+03,2.514891326848179031e-13
2.044000000000000000e+03,2.412865305881453387e-13
2.045000000000000000e+03,2.374414927912688419e-13
2.046000000000000000e+03,2.346228948829959274e-13
2.047000000000000000e+03,2.340145382258275853e-13
2.048000000000000000e+03,2.290137743750368338e-13
2.049000000000000000e+03,2.180414617700480303e-13
2.050000000000000000e+03,1.945369638623567103e-13
2.051000000000000000e+03,1.686639805220435352e-13
2.052000000000000000e+03,1.438600569550032361e-13
2.053000000000000000e+03,1.281558658578392685e-13
2.054000000000000000e+03,1.241922781917138293e-13
2.055000000000000000e+03,1.397168705044648409e-13
2.056000000000000000e+03,1.674947921870709009e-13
2.057000000000000000e+03,2.065353332287215708e-13
2.058000000000000000e+03,2.456408636967777183e-13
2.059000000000000000e+03,2.738293711358789800e-13
2.060000000000000000e+03,2.895316949374731512e-13
2.061000000000000000e+03,2.825006774106167989e-13
2.062000000000000000e+03,2.603659845809297887e-13
2.063000000000000000e+03,2.341918131942694104e-13
2.064000000000000000e+03,2.072683490217039465e-13
2.065000000000000000e+03,2.037748762762563674e-13
2.066000000000000000e+03,2.236582069685648437e-13
2.067000000000000000e+03,2.693669312931436363e-13
2.068000000000000000e+03,3.336418140884470535e-13
2.069000000000000000e+03,3.956120178768253097e-13
2.070000000000000000e+03,4.566368754495700118e-13
2.071000000000000000e+03,4.791130357860049312e-13
2.072000000000000000e+03,4.944707926728820662e-13
2.073000000000000000e+03,4.731878998573068264e-13
2.074000000000000000e+03,4.372994341612720002e-13
2.075000000000000000e+03,4.135507336452745919e-13
2.076000000000000000e+03,3.897039431692412580e-13
2.077000000000000000e+03,4.130387777908407182e-13
2.078000000000000000e+03,4.417765467509861559e-13
2.079000000000000000e+03,5.023710380651657031e-13
2.080000000000000000e+03,5.785724834658049626e-13
2.081000000000000000e+03,6.462704476933809005e-13
2.082000000000000000e+03,6.965795381878089411e-13
2.083000000000000000e+03,7.134248679264570706e-13
2.084000000000000000e+03,7.025452147392511581e-13
2.085000000000000000e+03,6.720124468451488773e-13
2.086000000000000000e+03,6.391375314782490694e-13
2.087000000000000000e+03,5.899166427087604090e-13
2.088000000000000000e+03,5.617130687878823790e-13
2.089000000000000000e+03,5.679895485985972391e-13
2.090000000000000000e+03,5.965506339312775601e-13
2.091000000000000000e+03,6.516935816087217061e-13
2.092000000000000000e+03,6.922362378170631511e-13
2.093000000000000000e+03,7.177952946149019876e-13
2.094000000000000000e+03,7.295302709327877436e-13
2.095000000000000000e+03,6.994975479989233731e-13
2.096000000000000000e+03,6.605127613642705772e-13
2.097000000000000000e+03,6.011818591310090147e-13
2.098000000000000000e+03,5.452814679071242761e-13
2.099000000000000000e+03,5.197392781714317239e-13
2.100000000000000000e+03,5.006879784334415385e-13
2.101000000000000000e+03,5.096058437653565701e-13
2.102000000000000000e+03,5.149884298883969091e-13
2.103000000000000000e+03,5.204304649969562547e-13
2.104000000000000000e+03,5.235588297969023338e-13
2.105000000000000000e+03,5.014639357205015720e-13
2.106000000000000000e+03,4.923779092844993253e-13
2.107000000000000000e+03,4.538625184178832346e-13
2.108000000000000000e+03,4.250427029389679382e-13
2.109000000000000000e+03,4.000380470205085249e-13
2.110000000000000000e+03,3.690849276290859326e-13
2.111000000000000000e+03,3.573024092890383241e-13
2.112000000000000000e+03,3.284572113074793506e-13
2.113000000000000000e+03,3.035775697954961288e-13
2.114000000000000000e+03,2.877406385711749202e-13
2.115000000000000000e+03,2.719428916653086178e-13
2.116000000000000000e+03,2.559098503465447845e-13
2.117000000000000000e+03,2.403525165476003885e-13
2.118000000000000000e+03,2.233196871757788727e-13
2.119000000000000000e+03,2.107246113541638556e-13
2.120000000000000000e+03,1.976622559821077619e-13
2.121000000000000000e+03,1.830637712292324408e-13
2.122000000000000000e+03,1.679235355396084568e-13
2.123000000000000000e+03,1.597977365773395179e-13
2.124000000000000000e+03,1.489189277086572864e-13
2.125000000000000000e+03,1.417670801150452847e-13
2.126000000000000000e+03,1.323062722840901512e-13
2.127000000000000000e+03,1.256101359039693066e-13
2.128000000000000000e+03,1.216056649771892632e-13
2.129000000000000000e+03,1.174490541703567218e-13
2.130000000000000000e+03,1.181205942289749048e-13
2.131000000000000000e+03,1.198302971812041733e-13
2.132000000000000000e+03,1.250602105878816379e-13
2.133000000000000000e+03,1.298877817634340672e-13
2.134000000000000000e+03,1.373556210409687471e-13
2.135000000000000000e+03,1.474092927030108780e-13
2.136000000000000000e+03,1.587077877424815265e-13
2.137000000000000000e+03,1.747984987148519468e-13
2.138000000000000000e+03,1.882340594544259666e-13
2.139000000000000000e+03,2.002571482849413607e-13
2.140000000000000000e+03,2.144515304117158968e-13
2.141000000000000000e+03,2.192590272051346037e-13
2.142000000000000000e+03,2.263700705906283374e-13
2.143000000000000000e+03,2.265470015736386552e-13
2.144000000000000000e+03,2.352682528705096526e-13
2.145000000000000000e+03,2.474250368744265872e-13
2.146000000000000000e+03,2.707839614386184731e-13
2.147000000000000000e+03,3.073112539030388914e-13
2.148000000000000000e+03,3.494484745914906330e-13
2.149000000000000000e+03,4.023697297597397938e-13
2.150000000000000000e+03,4.394883816654814550e-13
2.151000000000000000e+03,4.624497249015214382e-13
2.152000000000000000e+03,4.727215098702062262e-13
2.153000000000000000e+03,4.596765440998792644e-13
2.154000000000000000e+03,4.510870282572902324e-13
2.155000000000000000e+03,4.241613722363084085e-13
2.156000000000000000e+03,4.150733215749343425e-13
2.157000000000000000e+03,4.397660602746744310e-13
2.158000000000000000e+03,4.735388756060864799e-13
2.159000000000000000e+03,5.484754485888574412e-13
2.160000000000000000e+03,5.964801495602532216e-13
2.161000000000000000e+03,6.497771081144726027e-13
2.162000000000000000e+03,6.848890070461757331e-13
2.163000000000000000e+03,6.629393003663570011e-13
2.164000000000000000e+03,6.463095979519417695e-13
2.165000000000000000e+03,5.813789280852491650e-13
2.166000000000000000e+03,5.326937600809611654e-13
2.167000000000000000e+03,5.043018427818434924e-13
2.168000000000000000e+03,4.846248388456001828e-13
2.169000000000000000e+03,5.207605070139799383e-13
2.170000000000000000e+03,5.573823319136013315e-13
2.171000000000000000e+03,6.100007469482336084e-13
2.172000000000000000e+03,6.574208460830683926e-13
2.173000000000000000e+03,6.641440163907958050e-13
2.174000000000000000e+03,6.743990758104655514e-13
2.175000000000000000e+03,6.167744095462287366e-13
2.176000000000000000e+03,5.695010213760894577e-13
2.177000000000000000e+03,4.970830917435876033e-13
2.178000000000000000e+03,4.471023627070345972e-13
2.179000000000000000e+03,4.183765092210343289e-13
2.180000000000000000e+03,4.057777740055952054e-13
2.181000000000000000e+03,4.210230172894405010e-13
2.182000000000000000e+03,4.540221027989215760e-13
2.183000000000000000e+03,4.898487225981957167e-13
2.184000000000000000e+03,5.099824787662480719e-13
2.185000000000000000e+03,4.995409839312880538e-13
2.186000000000000000e+03,4.738397565655112315e-13
2.187000000000000000e+03,4.233816939804594936e-13
2.188000000000000000e+03,3.744640837891450265e-13
2.189000000000000000e+03,3.097892932617045730e-13
2.190000000000000000e+03,2.683586946731320821e-13
2.191000000000000000e+03,2.443238807845469051e-13
2.192000000000000000e+03,2.422310749326666029e-13
2.193000000000000000e+03,2.605555912280186870e-13
2.194000000000000000e+03,2.737349435563174187e-13
2.195000000000000000e+03,2.865830874715745943e-13
2.196000000000000000e+03,2.850104413867414740e-13
2.197000000000000000e+03,2.721448152839656035e-13
2.198000000000000000e+03,2.385742663810571667e-13
2.199000000000000000e+03,2.005972434731117637e-13
2.200000000000000000e+03,1.691197916425124992e-13
2.201000000000000000e+03,1.463806328894059513e-13
2.202000000000000000e+03,1.398489657042503433e-13
2.203000000000000000e+03,1.398934568998417261e-13
2.204000000000000000e+03,1.462910449402968944e-13
2.205000000000000000e+03,1.569194434446131460e-13
2.206000000000000000e+03,1.588738210267389223e-13
2.207000000000000000e+03,1.598254163409456114e-13
2.208000000000000000e+03,1.545907934150281314e-13
2.209000000000000000e+03,1.450794061638271161e-13
2.210000000000000000e+03,1.434978851959499341e-13
2.211000000000000000e+03,1.435617757155635960e-13
2.212000000000000000e+03,1.501223383832295781e-13
2.213000000000000000e+03,1.589484283582410227e-13
2.214000000000000000e+03,1.665103321461550040e-13
2.215000000000000000e+03,1.751653653051602717e-13
2.216000000000000000e+03,1.788887432089720442e-13
2.217000000000000000e+03,1.852782920219813743e-13
2.218000000000000000e+03,1.909177143361693800e-13
2.219000000000000000e+03,1.997452840559717365e-13
2.220000000000000000e+03,2.128518183356287205e-13
2.221000000000000000e+03,2.252663570827833933e-13
2.222000000000000000e+03,2.394970035116436518e-13
2.223000000000000000e+03,2.528215566215526451e-13
2.224000000000000000e+03,2.658137195859441946e-13
2.225000000000000000e+03,2.796342890790261367e-13
2.226000000000000000e+03,2.948241943613392291e-13
2.227000000000000000e+03,3.203875936339484739e-13
2.228000000000000000e+03,3.346213063751996611e-13
2.229000000000000000e+03,3.620061167049698337e-13
2.230000000000000000e+03,3.766949595852571733e-13
2.231000000000000000e+03,3.884446977974018480e-13
2.232000000000000000e+03,3.939956405391193210e-13
2.233000000000000000e+03,3.885479253523078643e-13
2.234000000000000000e+03,3.912055682463659776e-13
2.235000000000000000e+03,3.867112882296290493e-13
2.236000000000000000e+03,3.914884725859747696e-13
2.237000000000000000e+03,4.122430389083107932e-13
2.238000000000000000e+03,4.368024235807796599e-13
2.239000000000000000e+03,4.674120834886881069e-13
2.240000000000000000e+03,4.939345277778973499e-13
2.241000000000000000e+03,5.144692492956670167e-13
2.242000000000000000e+03,5.155101457778262780e-13
2.243000000000000000e+03,4.988384672297426524e-13
2.244000000000000000e+03,4.745774447228258148e-13
2.245000000000000000e+03,4.316360517651372975e-13
2.246000000000000000e+03,4.131495025291894157e-13
2.247000000000000000e+03,3.883376691111898044e-13
2.248000000000000000e+03,3.882115538751188296e-13
2.249000000000000000e+03,4.051236011927431005e-13
2.250000000000000000e+03,4.349086450800390614e-13
2.251000000000000000e+03,4.851743290665505663e-13
2.252000000000000000e+03,5.104156304060335002e-13
2.253000000000000000e+03,5.228476081419245992e-13
2.254000000000000000e+03,5.120603392550790819e-13
2.255000000000000000e+03,4.738722427514297880e-13
2.256000000000000000e+03,4.286729335089440773e-13
2.257000000000000000e+03,3.566675856940978676e-13
2.258000000000000000e+03,3.123351373636498279e-13
2.259000000000000000e+03,2.863054333835126700e-13
2.260000000000000000e+03,3.010523879192447901e-13
2.261000000000000000e+03,3.339211531442640733e-13
2.262000000000000000e+03,3.774976859845282612e-13
2.263000000000000000e+03,4.372374552078216042e-13
2.264000000000000000e+03,4.616185409286289745e-13
2.265000000000000000e+03,4.714422840260358696e-13
2.266000000000000000e+03,4.212118391560238965e-13
2.267000000000000000e+03,3.510416933120421009e-13
2.268000000000000000e+03,2.795116966445478121e-13
2.269000000000000000e+03,2.102193555891463486e-13
2.270000000000000000e+03,1.818139448195516905e-13
2.271000000000000000e+03,1.800171684522165504e-13
2.272000000000000000e+03,2.120126779182221169e-13
2.273000000000000000e+03,2.707107168228962895e-13
2.274000000000000000e+03,3.163129978139125543e-13
2.275000000000000000e+03,3.576292617288539473e-13
2.276000000000000000e+03,3.586475612656323578e-13
2.277000000000000000e+03,3.275672761732063367e-13
2.278000000000000000e+03,2.830589129277565172e-13
2.279000000000000000e+03,2.244697525818279790e-13
2.280000000000000000e+03,1.864639279506389358e-13
2.281000000000000000e+03,1.635307492491157824e-13
2.282000000000000000e+03,1.657318586113361246e-13
2.283000000000000000e+03,1.923725081905509244e-13
2.284000000000000000e+03,2.270390275926383963e-13
2.285000000000000000e+03,2.656397492346355116e-13
2.286000000000000000e+03,2.842652207498253784e-13
2.287000000000000000e+03,2.898226396955163011e-13
2.288000000000000000e+03,2.828921595649852252e-13
2.289000000000000000e+03,2.677789765224313296e-13
2.290000000000000000e+03,2.492639121704123254e-13
2.291000000000000000e+03,2.333424232250452723e-13
2.292000000000000000e+03,2.282171367998531294e-13
2.293000000000000000e+03,2.336306649051116555e-13
2.294000000000000000e+03,2.464221812917972800e-13
2.295000000000000000e+03,2.593979911835221911e-13
2.296000000000000000e+03,2.720603616744240806e-13
2.297000000000000000e+03,2.845299656788807201e-13
2.298000000000000000e+03,2.908241962045344859e-13
2.299000000000000000e+03,2.994817967086091458e-13
2.300000000000000000e+03,3.010646028650680983e-13
2.301000000000000000e+03,3.104075519760347072e-13
2.302000000000000000e+03,3.162366040605697793e-13
2.303000000000000000e+03,3.238051920597892628e-13
2.304000000000000000e+03,3.297724967846840292e-13
2.305000000000000000e+03,3.387677800289228470e-13
2.306000000000000000e+03,3.477418048035154861e-13
2.307000000000000000e+03,3.479851665894306978e-13
2.308000000000000000e+03,3.468223706952621124e-13
2.309000000000000000e+03,3.486086798667515746e-13
2.310000000000000000e+03,2.251498975247773776e-13
